-0.039675032108034414 0.6235291823978938 -0.24682909563062322
-0.9639041348464487 -0.6085915538519022 -0.35330764053098396
0.9092291453972697 1.1461135129380509 0.9220319597052546
-0.48365591372602695 -0.8071184222681488 0.3395943040182112
-0.2775552651044158 -0.6648530479846312 0.4955552586871853
0.02958094042325285 -0.6028843401023525 0.4813022842051466
0.15532918927548084 -0.08132325661781864 0.07352467948873609
-0.5678059566485607 0.7083821076767506 0.22497591552901372
0.4257359656487121 -0.7170346225871019 0.6515208547112656
-0.19002993833110451 0.9528701110158537 0.4687742465159776
0.22001440755962515 0.39223859547207085 -0.7589810009393951
0.17017127994392806 -0.9943790757058762 1.0695469712681809
-0.4281331399054591 -0.7374415384020985 0.7599009597522415
0.44291468644129095 -0.869503065104978 0.8971652291308303
-1.2102763915493049 0.7885451557335103 -0.009447057082992816
0.04938661657537677 -0.7915086483842901 -1.219387430968454
0.666743632107026 -0.5474532599191948 -0.5458430872215319
-0.007455923219824204 0.036202284770488175 -1.066499735276441
-0.9539690812393585 0.686509081239152 0.3650028051111387
-0.5367627417138473 -0.5241851672173229 -0.23830278048110554
0.17163453908613155 -0.7810956733660362 -0.6763091788662259
0.30023476653218106 -0.4470357045999619 -0.5177401064074927
0.6065872858021454 -0.9054200206510001 -0.6464346359300963
0.06691582966626941 0.38099982755158 -1.0555450785983314
0.09997406918552332 -0.42107359094229985 -0.4917014839815784
-1.0604317556931666 -0.5448245886592588 0.2683456613150619
-0.6899793424696393 -0.31127707081554656 0.14944028348966715
0.11762427550182664 0.43760784739008474 -0.6325713480482797
0.743537911877579 -0.43903276257199053 -0.7522427203998128
-0.14611705852069 0.18087931901715948 -1.004415152694766
-0.1986233019124029 0.476775512731673 -1.2511196847495683
0.08786100112656893 -0.9335735229398519 -0.2131826106474754
-0.11491089664466664 0.7710652348226843 -0.13400355482622034
0.10442430550758042 0.20540711340587936 -0.6350250329759388
-0.6658171015604534 0.2666347484726124 -1.1722011568964859
-0.0764303307731844 1.11466832163938 0.2721862643374544
-0.8573554533972099 -0.7113428113703271 -0.031831753344841104
0.6083354901183677 -0.7518347206218586 -0.7773476534657281
-0.7612896672469692 -0.3578364755858753 -0.18874516459308555
-0.1714527323336571 0.8252702978447302 -0.43863997487274226
-0.37615644388788366 0.528461409656212 -0.8815652870972088
-0.2204973708164082 0.042812913915997425 -1.026641077306623
-0.28949906614800774 -0.7692120149728952 0.1860552325935325
-0.3144891436073917 0.964982019307256 0.14154242218790547
-0.6882556249942183 -0.2412403166657354 0.19894590811639196
-0.1600597759212866 -0.9083773677932911 0.15285362303157093
-0.2767853225172192 0.19134425320579732 -0.8643184009197082
0.324865472566668 -0.21511149823306125 -0.8195294639047173
-0.2520253347693003 0.855538522053441 0.5418576662740349
-0.831329458020673 -0.265632797103567 -0.13347895029206366
-0.4262303749958376 -0.002428588757269534 -0.986264930706337
0.6507023110774655 1.164197107849433 0.750942885422963
-0.23925337670236893 -0.3579452723284258 0.3758867380761405
-0.06652873945079137 -0.5792256845085936 0.1606528205964497
-0.5692375396909479 -0.7242381203466443 0.1101609326706735
-0.4527368308782965 0.5847697701124548 0.6187279669895466
-0.38937806384090934 -0.429138509090363 0.13402974563398248
1.1066738717553586 1.0386997516742709 0.7593203930022081
-1.084242120389348 0.7883037615072122 -0.3459609454055227
0.10253204113603223 0.7905830752354845 -0.6826445364538352
-1.1764105202025266 -0.3875450176240137 -0.04715679206035456
-0.5726539104939352 -0.4983451840185439 -0.2750963154286734
-0.6410481109387371 -0.8983425416433056 0.13752710449774058
0.10508891924186728 0.2808900683267447 -1.02097591458963
-0.9405805722983964 -0.3379652692080321 0.34141158394118
0.46946126493107826 -1.0391069628748404 1.0474241752833575
0.1419899935323809 -0.6398243220308032 0.21337695841174195
0.7536431401402766 1.0370303265117227 0.6469687388884292
-0.5497528874166195 -0.5292488650735132 0.03698147202398677
-0.4341197645341067 -0.6327930137626377 0.46180929982535024
0.7925386037971687 0.538405561701996 0.5184824645133054
-0.0026954180385973525 0.19240152072587496 -0.7901846489700909
0.8742693071308458 -0.4613317175751712 -0.49205681082878394
-0.030990367148310938 0.8658821885657013 0.3819112218855501
-0.5541657455478841 -0.3611711442235767 -0.13719995566836288
-1.0848738644288611 -0.5543480683768476 -0.6344078399850239
0.8664226593502112 0.6567891460892376 0.6230036757853936
1.0380083397207411 0.6260781223945995 0.740369656325836
0.10218269880035274 -0.8510625337728247 -0.7998160579743661
-0.3760945553161038 0.8371428249714291 0.08461265822350705
-0.5057830161679138 -0.49553307337011365 -0.397855667894929
-0.048238919085544785 -0.817188676693745 -0.001660275314656734
-0.5694711084307803 -0.96757473062132 0.25921424539910565
0.6252946562871774 -0.3118661332972105 -0.5560813401808408
-0.3199459904599118 -0.6396216230631203 0.33711689292237956
-0.1918897627567555 0.43478527800480626 -1.2101182431511346
-0.45981829523047857 -0.4339445268408011 -0.7152862931165173
0.06209131405165125 -0.25322596777144235 -0.67820150850849
-0.2100982186003546 -0.37395626300659246 -0.7484758077428563
0.24223342191247646 -0.6259697239401055 -1.008768408176117
0.1588857743485596 -0.5739585293759079 -1.025828070121583
-0.9183694878438253 -0.11930620420640553 -0.31792729541765863
-1.2665882917172724 0.9206092071619654 0.20776820980966015
0.2719435907775492 0.34894022152535953 -0.9574453109585056
-0.781954971817969 0.9705322015975856 0.3848845933067515
-0.9509757902409153 1.0015611330428138 0.6332779311730323
-0.051199989144929514 0.33429333486804846 -0.28608950749984424
-0.0640563503551332 0.26528810473933606 -0.8274155547006572
-0.3313850169724428 -0.5960328874752969 0.2947102803290622
-0.9864156506578842 0.766471132266043 0.3693431031563984
-0.5248939736485343 0.7470724629211806 0.6397225932609893
0.1800342670277505 -0.6328356875376454 -0.6322663523334625
-0.589136161458526 -0.49300604637995854 -0.1993734166488486
0.19555355914491168 -1.1059662688411829 -0.333924656014251
-0.5881224295553189 -0.49700937880369583 0.1218481803492067
-0.07653696454279646 1.1888998784865379 0.4654491581709366
-1.1321330218534256 0.5690912097389013 0.4653833251428496
0.5876343419355722 -0.7571268464526788 1.2461574645721716
-0.11864375113268663 -0.2770604057737031 0.24305576843658222
0.4490847210795191 -1.0313380164282675 1.0565797795552467
-1.0403415167104972 0.8672083852992254 0.17926121958981292
0.7442530147706046 -0.2724182661255314 -0.4817334277502934
0.5797804963620674 -0.4749173026057434 -1.0464199793546376
0.6600498861812175 -0.6895227225713624 -0.6890144461085915
-0.5039435850898035 1.1198270656913665 1.0196504919332983
-0.22107925696992198 -0.6301275050629718 0.041495160733165004
-0.0035840693463116136 0.45158389033669943 -0.461231864501626
1.00613949237393 1.2594959739674334 0.8426894141017115
0.2783977691246031 -0.6210195772127328 -1.1909898319732504
0.5934486381059019 -1.2398629958812872 1.0400263730274577
-0.09055439589895974 0.6484565022990274 -0.549597758200568
-0.5833098680748493 -1.000853211653016 0.5667177846627315
0.10314120908378033 -0.6977416327139476 -1.0025576783843444
-0.24166533556495634 -0.2632539212207513 -0.15548717881669893
0.5553939178870237 -0.8806032449886143 -1.2021454465707253
-0.31581795387105366 0.8602552694007314 0.17597959408605057
0.0421765583472164 -0.3198740609350243 -0.8611408614866631
-0.5651654718331948 -0.20568858370778081 -0.4400665576967778
0.3491747011168683 -0.5638255406822388 0.9303667737981868
1.034210581766938 -0.5308652351517908 -0.6042548241860296
0.7242109455360786 -0.3742932639878441 -0.6868260742786887
0.14216492188214286 0.2058910018999023 -1.2247920826435161
-0.23819717320116188 -0.18515495691269693 0.0700327999819445
-0.19521821074507828 -0.38707861688859135 0.29960220087786044
0.024029783633079282 0.6176682729612667 -0.32671068008932436
0.36385284350296837 -0.6365307632605135 -0.5209689793777046
-0.6704249158429003 -0.42839991571839287 -0.30478313742359125
-0.14563013003833586 1.1742059177032533 0.9718204268766767
-0.42608127581194966 -0.6388033558495846 0.1328678777824558
0.5011208311148524 -0.5922061799130424 -0.92941900645278
0.2412129665021136 -0.0913558833513281 0.4149938591142833
-0.8638136871476614 0.7143067587386284 0.35844467700970817
0.8741962615903474 1.002464591994124 0.6603941783661498
0.3560730579743653 -1.11978839474046 0.7385965257072895
-0.7578836088393355 -0.5036284451359184 -0.7088264966891304
-0.8258643228299075 0.6813880378753975 0.17225443013392527
0.25102818698859874 -0.4968864603271577 0.8070403216146556
0.222535933958879 -1.0674381156128585 -0.43190280699210193
0.18705584752584464 0.3789078156934552 -0.746426164795772
0.35370555150286437 -0.6298009727434095 -1.055381570121796
-0.20961979036795436 -0.6260361654531877 -0.19718075699154547
-0.37115955858182165 0.8173762871757329 -0.6646708318721586
-0.11402996173442431 0.4737132153548233 -0.9191569728383269
-0.8316536335003513 -0.2899639800186245 0.060310546953634275
0.30766437048708806 -0.8299883107006237 -1.045545281713951
0.24585608701852812 -0.5056582790030977 -1.213455633191093
-0.5579938608291787 -1.181613043790487 0.4143288787112432
-0.12490477458507349 1.254016107280478 0.5101786282118368
0.5020744504328349 -1.179312130487823 -0.8501121287234384
1.0844175641697933 0.8052015702985225 0.4151836008105326
0.03513446196038361 -0.006406238905844519 -1.3689359208169778
0.09448187698974751 0.3088144042032459 -1.1249151977895655
0.728441824733394 0.92633261000282 0.23964131248207382
-0.0399447234932864 0.7511364729333984 -0.9085857395379445
-0.9653248031906542 0.6119585557705934 0.35428024241348965
0.036744687344392776 0.29457079132109126 -1.0233283836500078
0.4659988517372271 -0.19406547604330804 -1.0198392095715847
-0.5766822750717737 -0.5330860494295612 -0.10682964085791807
0.4038370491976685 -1.0499889841143302 -1.0705522627404385
-0.004837788750058775 -0.2507802517720432 0.13815465203540855
0.7946701237022427 -0.8537210460810498 -0.8040275638093758
-0.2179152026834073 0.7302428292539587 0.45606065521488637
0.40838316770335614 -0.5572358668480621 -0.8628057832246141
0.7782573473532732 0.5688562859231947 0.7449014145591291
0.10378367985504809 0.34680070605149027 -1.0369775133087535
0.30696330941573774 0.41988575928889477 -0.8606679846115975
-0.4766521681921537 -0.06579444187506389 -0.4701600888462165
-0.15801982100960918 -0.5383441745889416 0.40062714741729755
-0.9965524333192868 -0.7873091112544446 -0.10100645999996571
0.22004532246261854 0.34068391520291763 -0.965214195179477
-0.5963917432176447 -0.8240794122022608 0.39824806819358816
-0.26086787683572676 0.5825750446595047 -0.5018620612845364
-0.24014154022288914 0.6088105184144064 -0.6302970112016346
-0.06638109384892434 -0.6997066192214912 -0.011188315908584434
0.47481564498049655 -0.7494363018957989 -0.8332045406442995
0.1238368771401368 0.6110125114998421 -0.6575890428177973
0.5957228633441594 -1.0001444450946608 0.7976453182417405
-0.2831072376778877 0.8237757330245095 0.28688540885704045
-0.06272159992461479 -0.3793491887433102 -0.42335819789734735
-0.7242855127478741 0.5045239458318939 0.2557785566270699
0.2202892620368523 -0.37771014816853277 -0.654016378746133
0.15751110251461783 -0.6378018567365463 -1.1753407985237159
0.8792913867859968 0.6878399856785377 0.41922856004882914
-0.06359579971047144 -0.14385732870938112 0.46133493638615575
-0.14365255582886194 0.7184904265675769 0.5880975268151573
-1.3254540859983766 0.8045079764845561 0.14818935975090997
0.13654408130788775 -0.6394959818985044 -0.27853117510154707
0.9077871386619131 -0.5932263006930288 -0.563818941135565
0.34620998931277835 -0.9662564756141736 -0.9128788850594566
-0.30326238971995023 0.025308585088539004 0.16450234397877936
-0.17617022543643568 -0.02115779645706445 -1.0569054687510238
-0.08478423529150701 0.7613711986743225 -0.8072262814006913
-0.6264992260946719 -0.5158791741822029 0.18978747623232026
-0.28001661015992585 -1.1328756598370975 1.180945319914556
-0.2260251703608247 -0.21404147378707988 0.7563422594687237
0.6269674028069856 0.8206256294621413 0.7575230193915573
-0.23727564742625648 0.7994297604954977 -0.7069638231318919
0.0649691242866337 -0.49280978252619906 -1.073361595588922
0.5446904890001713 -0.5413830201730437 -0.7763732402268004
-0.9639073502971117 0.8342279148170915 0.4516954345327625
-0.014935558195244891 -0.8188373883377301 -0.8426559534181594
0.672417328234431 -0.6291590049797254 -0.6535777546824716
-0.7137996004019909 -0.3462046276979488 -0.034574559821619194
0.29596466950707334 0.9201816988502217 0.1827068301865004
-0.6353496862012171 -0.2358835601920653 -0.08678246891225991
-1.0383662041182953 0.7145080564311364 0.20822675039184918
-0.08724320620092275 0.5345098278609495 -0.5841498958186426
-0.057799126304798554 -1.028433628667763 0.979531376903247
-0.6317111182188812 -0.7035749173010328 0.4076351024264509
-0.18328351190661107 1.575887863545167 0.279909722609335
-0.3001787276219076 -0.5809788129257153 -0.1951183360879965
0.6598074723239461 -0.6099287543828312 -0.7739820036058533
0.10361831168244176 -0.8050141828992081 -0.02696384917961825
0.2551935711990331 -0.02763029330918987 -1.1467558517094363
-0.1892193303194532 -0.3208566219809955 0.11440431054300804
-0.8507938996394857 0.8461396264437987 0.027268680737477263
-0.08167536231187905 -0.02041479002492058 -0.9803454824236568
0.972469728387011 0.8517232433677351 0.9807844663428564
-0.7229449536414281 0.7009095128769801 0.41832199728748753
0.30559599107477364 -0.9390356646915705 -0.8285418580625576
1.1049361221901801 0.8766395956677363 0.8276810272275743
-0.24182027615117108 0.3188731171795527 -0.771705897092097
0.3541182505769069 -0.7195075107659477 -0.9590225504311811
-0.3157290702218261 -0.5338519435129276 0.5062442395226397
-0.15174462568657143 -0.7814211551719223 0.19948636234221906
-0.7733573160663495 -0.23093519045178734 -0.06257676703342917
0.7645142344046851 0.8957252707264387 0.4848742425290756
-0.4610117020140117 -0.2677209243744175 0.12181228776493844
0.6669163540841377 -0.6069676173610219 -0.5060633243356313
0.7547309685847926 -0.7906538802789809 -0.5026684733973257
-0.3074891271720975 0.4979896549395137 -0.9614087200389162
-0.13004763121690002 -0.4364160696109924 0.2065271395012006
-0.09388888547009837 0.4568107659422901 -0.9055566930071154
-0.05632705555411752 1.0605477055990207 0.763074734199505
-0.10657009767041309 -0.5143039459121355 0.15741452989983115
0.24964157958856648 -0.6855334173004819 -0.5018241425327788
-0.977662319702588 0.8377397740762285 0.526336712519593
-0.9476441798768697 0.8410489221426258 0.40921420890253746
-0.3087471335992634 0.9920158781265342 0.4307757019525971
0.15623672944416542 -0.764559152196008 -0.9713119371341421
-0.5502826174171747 -0.5459763191462197 -0.23761090237821236
-0.2667300141010087 0.43356002242620784 -0.7077751033683629
-0.7823885084333909 -0.11143100336317924 -0.36546380338688966
-0.5324437710506472 -0.275036322084112 -0.16460600438264472
0.2843913904358196 -1.296742456624049 1.1372441443497308
-0.43449719201004344 -0.3186530367871925 0.36842851328031484
-0.04544822895620419 -0.07479623928684115 -0.5914778129777016
-0.31898512789970057 0.5834055618545378 -0.7484130094293249
-0.34387032831627967 -0.316961638621089 0.288960723614096
0.7342908951251965 0.8093505003819221 0.4141315291133771
-0.17601569738165024 -0.6501796118146439 0.07654500643619294
-0.04955864380738201 0.5840260486480794 -0.811729839101778
-0.6142560963559378 -1.1461326684960296 0.05774934434135237
-0.3961388303950706 -0.9074234953557867 0.13900165949464574
-0.3535128258323994 1.0434504608926232 0.4824836579330296
-0.4895930016031246 -0.18047568188157975 -0.6140730192960872
-0.046797052462297706 -0.8218032647513696 -0.4556234957782398
-0.4659262356940221 -0.38526213863118963 0.09977399142575177
-0.8820866441059851 -0.2964222350174295 -0.21308140564337805
0.23501085510716485 -0.9909028697210296 -1.2988573545394886
0.6268864041643676 -0.4856437199202754 -0.7541027728271579
0.5490926305620093 -0.5625840999131245 -0.541957798936477
-0.06843508303407769 -0.5389798926582879 -0.8991141783357769
0.4782426000717239 -0.4246566265679994 -0.86191550968606
0.41573206978090366 -0.35377768858710756 -0.7779658388246271
0.19665778432860245 -0.21309683841664928 -0.48510442079013516
-0.7745423317367679 -0.33102557120889975 -0.07607283408631418
0.10632823470944408 0.8908025679074092 -0.7490536628148086
0.5740364265701909 -0.5793088576926098 -0.8676989105961885
-0.16139662180287873 -0.7383874426313641 0.47514622327182615
-0.2595500196408653 0.795469476994096 -0.6552475156672476
0.6659855090895976 -0.8605500980044956 0.733676203763684
0.024355046779908962 -0.8791102688443521 0.5334158543387734
1.1639445105801 1.1005676844945862 0.7167479839321268
-0.7895945076746539 0.05302361174609049 -0.19805132555294752
-0.9928172226553829 0.9267168295844175 0.19603837335910293
0.09012323494710558 0.20368368988474062 -0.6062692088018765
-0.3306474403083153 0.8892557953248831 0.1802377919045296
0.24149388832638818 -0.5866633452359519 -0.8022274806451228
-0.4665147893761685 -0.03743313301949591 -0.35969551714289627
-0.28782421184938023 -0.37222877032222657 -0.08666459314334068
-0.763881481868883 -0.5989248960960543 0.4543786530650097
0.1847786128008808 -0.7996826625387192 -0.6835008630375259
-0.4262010681983003 -0.48611331790025847 -0.0901156858922727
0.6290828881773464 -0.7216971957694911 -0.5972680085864722
0.498493786399202 -0.5226838519882951 -0.8390294766165589
0.8057558236799668 0.9179865426311243 0.5502672325627305
-0.7209084215445916 -0.15825496463356664 0.1632010645157066
-0.33382612338325335 0.9174683553279952 0.28536382889696554
0.2815947839443495 0.11106995038851784 -1.0028126229632273
-0.6802778617172967 -0.3774065101563707 -0.21902868588154698
-0.09705403314935718 0.3410189798818465 -0.5995539256346019
-0.660173694785232 -0.05413547116972561 -0.19711927826165473
-0.4289407253819288 -0.7911570357377773 0.4574833472949941
0.3239720543736256 -0.20245510698290858 -0.1561294881383346
1.2524358510343983 -0.749548531450951 -0.5556720609149832
0.4309377484068046 -1.06233774159004 0.8200348250121214
0.046490081339091466 -0.3567164854699543 0.2768854854075286
0.5995091256649132 -0.6855114015365331 -0.626673041928638
0.3899374741922918 -1.365879059533496 1.086244425790603
-0.14652532963986653 -0.9020873765163735 0.65428945673452
-0.24252374941127045 0.8739742494002691 0.4391614058464783
-0.7043877855645804 -0.5091313842877189 -0.4140339081696894
-0.6098526422551059 -0.7449774026739714 0.35742640616683846
-0.13146720720557212 0.04259022273404722 -0.4448564932744803
-0.02948767916592515 0.7502449170156764 -0.20851418125107113
0.6495657384688182 -0.634609299850852 0.62582763679252
0.25641247327870986 -0.9074318928284586 -0.619826519615804
-1.019115379760409 0.28628631002469257 0.41254863162075084
-0.2618069354949778 -0.29704627771601977 0.08189904711181792
0.49254118601339586 -0.42962696931303146 -1.106989284748461
-0.9755566310522009 0.6710090116855069 -0.10262808314758082
0.8559802434618636 1.3532911825662433 0.6705014935258841
-0.4269783974955217 -0.3698069788752369 0.14203813034069618
-0.04180552863601161 0.8330002702987561 0.2787785597805146
0.07429023283980708 -0.2656991907918766 -0.5506412567744006
-0.24336783953492366 0.7160888822294104 -0.6982918351297299
0.8872054735917126 0.6468627611676121 0.8378068421935041
0.2634570798068596 -0.6909063708421143 -0.5287298733883294
0.8590654279877054 -0.6988111011352673 -1.0187706978027709
-0.30054043288011834 0.3956699959684655 -0.8529434024143023
0.8190107008179651 0.6940919567230781 0.15240341276456015
0.10796226603609166 -0.4469781347594121 -0.9273430531702991
-0.7954094426009065 0.7824010780646 -0.025720862144923612
0.11804122637758196 0.25904794798686936 -0.8975068853636952
-0.31788321178422174 1.213504641046408 0.4896980836370264
-0.0637086703280346 0.8798659417918124 -0.6481914606212087
0.8783037107741299 0.8305061493283313 0.8597541076117993
-0.80306866392774 0.5140742040911763 0.03882973563423878
-0.6300536375340119 -0.5372618503558052 -0.257346862012416
-0.5762130017786926 -0.35009674163433424 0.27797815417214605
-0.4696002873580977 -0.7194004917225117 -0.01850572689535368
-0.31046033997571487 -0.7109926549994046 0.47246586818387587
0.6001106576216237 -0.8960586187143682 0.6034556392973428
0.4370922153197171 -1.3085404083999004 0.6883516442382197
-0.3970631599831178 0.3783036538814919 -0.004295790320441362
0.12728851362863103 -0.3234591665628957 -0.9683860288955446
0.7600275412220835 0.6804042935619683 0.3226129447954026
0.8876204285986327 -0.7712633510950663 0.771797688607321
0.34570957169996624 -0.39263099402920115 -0.5479623686551109
-0.09121631024148887 0.2305444432276644 -0.5466662128737154
0.09719975547963272 -0.5321412806021054 0.2599290914869711
-0.2733366652893325 -0.2423552638688438 0.16819869790319752
0.007857495458509639 -0.1282409324146006 0.12077747960112951
-0.09266560318204893 0.24229859494096395 -0.9271641162816993
0.5574771429662828 -0.6959598971575778 -0.9938079490337779
-0.3094929378040885 0.529294504488407 -0.13381971965787254
-0.9719336874383061 1.0487599281426263 0.12461618552693479
-0.5137625492829258 -0.7396529447359239 0.27921751818036356
-0.20987600863427652 -0.33718746309220143 0.18528357890047092
-0.07208081224622642 0.5749796674056608 -0.9312361752510574
-1.141522251615066 0.7525157760006808 -0.12368857370884784
0.03012129887036258 1.179893763518213 0.2878597199168563
0.11083478325254165 -0.970411992875952 1.1035166512516965
-0.5424834135440972 -0.14659862655569594 0.3741921757242848
0.7743284692122443 -0.7587537396826549 -0.6425275927001147
0.4431420997560287 -0.8763169320795706 0.5538827850611572
0.09267934967665123 -0.4981341215589273 -0.7358559189015458
0.13549846655468883 -0.5272001088398752 -0.5652426910325098
-0.15063009600031396 1.1330659434062378 0.515411257634066
-0.8206847571344056 -0.21717299514700525 -0.15811287850021355
0.12715911935949942 -0.6443181726089077 -0.5058981348533786
-0.9588145351719233 -0.46676109135001437 -0.26073141510447506
-0.08143947578994726 0.9363952152181266 0.22061690515096236
0.11776298935883167 1.1741157110101732 0.6297410791437852
0.10113430151181821 0.525099748551277 -0.44944177126755125
0.310679057039068 0.10374713620132923 -0.979277458444926
-0.6206539009157577 -0.3737861746013221 0.39393858440146967
0.7690181657076853 -0.4059059766464408 -0.3918498826084227
0.5588250736331801 -0.9494275687836461 1.1844538944422802
0.2704483936679344 -0.3260883330004899 -0.7249520424505892
0.2860281872807196 -0.7501218295510844 1.1133727091581664
-0.4572724626958592 -0.2700892939242009 0.31174464052809675
0.43648265706340506 -0.5307144201432029 -0.4416201903272255
-0.10217750555102967 0.8589963284775071 0.3786141248148656
0.9013794042334863 0.6459882816928371 0.7730671407054244
-1.0713039121082653 0.3983964571361903 0.5551674103389614
0.38252217646703224 -1.033510865083709 0.7051056629215636
0.36276545506364166 0.16331731135230326 -1.0461079065899526
-0.3578523106752878 0.543729311823733 0.535448792010137
-1.1843857791897219 0.6802052585715066 -0.022853778062960184
-0.25862778276050885 -1.2239909117011913 0.5412244179382462
-0.8583596799561699 0.6600677236644749 0.15453135000960594
1.0479972440678367 1.056078349173014 0.3879424099545806
-0.5745371174664318 -0.3348556303928931 -0.10914351550225901
-1.0158122653289374 -0.19623872338850398 0.27032269056114644
0.49765651515685516 -0.3906116000370184 -1.336027766738821
-0.11481374738895195 0.5763900802280582 -0.4789309472119324
0.11661808900417411 -0.5504108730300721 -1.0776687719868172
-1.13833470701363 -0.37872415669873793 -0.024829717394104486
-0.09746039456399422 0.6714700973209606 0.30892066243142136
0.945054646978653 0.7186604678337194 0.3836603781751893
0.8393191221263125 0.8374342601439566 0.7457203454964616
-0.5863399017275157 -0.9411339708444113 0.23310020974691145
0.25005325756463226 -0.6260207215537031 -0.9477771226354806
-0.10798358645246853 -1.0660579211889916 -0.7622320095500557
0.040097434793179315 0.4252981271938129 -0.5525581858172391
0.18242554234609704 -0.5507403999268894 -0.9005936698206123
-0.19687613231301165 -0.10392076066027417 0.11849018300236717
-0.34593292847449536 0.44056914653152746 -0.5628339369154701
-0.09629159112742525 0.7410630441498935 0.7407910274093459
-0.020812294151938443 0.38085349579127226 -0.7258904421275938
-0.6167532205767651 -0.4145485912210737 -0.2142651044445542
-0.47834899685878796 -0.44583188681693237 -0.41002708466674676
-0.2399558275951642 -1.0283106029002882 0.5170379489397601
0.3352119909306817 -1.0314224672021366 0.9747475581975542
0.08346338935920738 0.6733604574412648 -0.4575207867317023
0.314322684922464 -0.6500981579555942 -0.831588954140475
-0.808056725256042 -0.2655933321624084 -0.22808130663969606
-0.7650512040975078 -0.8292816482167622 -0.17686964449546283
-0.516829750466287 -1.2417151414542134 0.597233398308392
-0.6943093881313193 0.6823277713349681 0.46244051011887755
0.2182512126252446 -0.6763029027352058 -0.5562488622455106
-0.4507039304412991 -0.29161011706184287 0.5072492770240101
-0.10205029028328963 -0.210948930173355 0.18471674775896726
-0.9099018048610428 0.8324477954339968 -0.00842172064258162
-0.1483186478097676 -0.5647134094684831 0.24037520364340753
0.1699014041857026 -0.6479358352804424 -1.1221841249536768
-0.08626717503646206 0.7710938275481627 -0.16315466980843923
0.011862156128668571 0.14467930501351212 -1.153527640522971
-0.6335010814603129 -0.46848389047034966 0.1423073198491675
-0.8535550330685023 -0.8216454764774801 -0.11455809328864541
0.2564573461086802 -0.6905686274683682 0.763064146551135
-0.4552302012403946 0.8690775355403282 0.3572581228543128
-1.3843846799960442 0.869280731860904 0.28028067728304606
0.406191853662274 -0.8838354237404533 0.7883398009443268
-0.22757109189837396 -0.6316160503869771 0.40179839043577836
0.029229492051860696 -0.1404347330682319 -1.0130867284525025
-0.2507975270242161 -0.3468451384141828 0.24800679172510204
-0.26927637095340123 -0.5571543103340773 0.097408355605655
1.2003729277074644 1.2105834444653716 0.6997242932538787
-0.13076526411152573 0.25262787478593424 -1.0586976190637394
0.7777407592061908 -0.6757729218822724 -0.5940310715097201
-0.32707729096579086 0.4101511695588261 0.17251974248500773
-0.8528254509444974 1.2463376594879372 -0.019190867433586695
-0.462902044066497 -0.6968719349584853 0.4277030139705165
0.2011882086765413 0.3007577835886143 -0.9991518548766691
-0.08377736817647266 -0.18805985356559493 0.16286101321039614
0.4178248519116494 -0.9739476465120218 -0.6846843384670478
0.10003041518360108 -0.646443066857983 -0.5110128658902616
0.4523587261176232 -0.37754523118164407 -0.511688104254878
-0.37057727717538935 -0.38140835096212333 0.08361231027256183
0.5226641774662012 -1.1763871984607475 1.1257162057929426
-0.10096955292212913 0.966690284066033 -0.28689671486271073
-0.44311347518890404 -0.6388298065200095 0.3629996662030951
-0.057584821141354936 -0.5174244678837194 -0.8680891767269795
0.9296028635730876 0.8899678691137493 0.7288909759939094
0.9667600748159235 0.9836541360173814 0.36577314638159514
1.0655667350372644 -0.38272867282062173 -0.5748259144955884
-0.3799328849796118 -0.39399747612773417 0.4202204821703144
-1.0247267963555071 0.5866892615602932 0.22197917901388453
-0.26355659887554217 0.2878447701018266 -0.9494220590098601
-0.06167152650189878 -0.7089864200644097 -1.0870032736391246
-0.08400147344682363 -0.7770868710110755 0.22792044984178603
-0.34647413699757973 -0.8003996845664196 0.5458125249352223
-0.8111402006504461 -0.5323730557191624 0.0017367136911562164
0.3552344278946395 -0.9397668500188513 0.9756270636337817
-0.13891387036728622 -0.39721286206601414 -0.002499488853629661
-0.6789875525911817 -0.3735069465502673 0.09690514640688423
0.5248449761499594 -0.742109080627301 0.7697084125915495
0.02407736521012399 -0.5039008773319574 0.04649729857842422
0.4168281058277731 -0.7952804722331851 0.6419410923941273
0.09040122843041742 1.0761464959469083 0.46581675277083767
1.0830921761155479 0.7115538979878397 0.6364567346805428
0.927993161963628 1.0843193538220708 0.2689815700120355
-0.49320160812288527 -0.5647281561500495 0.32473517072513297
0.6381693133398003 -0.3581485102698865 -1.0565338378761824
0.031402577955906036 -0.5802707908158511 0.4664520769899273
-0.9095253569845294 -0.46008288368862493 -0.1829394197597277
-0.3548062457456774 -0.7071729866062636 0.3251756084700243
-0.7723298647323511 -0.8962614899095012 -0.18242946147023684
-0.7300176432616897 -0.1859640063436759 0.019192092830883745
-0.44480446012979136 -0.6858704251027034 0.14758379752199685
0.0364561562701613 0.13724042825467 -0.8532943609324979
0.12927216216032184 -0.842626609435198 0.6350166559785826
-0.3374416184148777 0.7695921523325367 0.46477534450909075
0.0882659020592797 -0.866321300878887 0.9878242518609979
-0.45325681995226846 -0.7725403020641041 0.3791275371440659
-0.9562109699102018 0.7184343269672683 0.29929322279850823
-0.261067872102579 -0.2519717004114326 0.22229722965981183
-0.4807513001346901 -0.3974936088613845 0.014650122257526092
-0.018884843765588716 0.13223337696794935 -1.2742414293682087
-0.014976493365134846 0.7217870249286966 0.6309469674688959
0.18621997673453844 -0.6360848573151882 -0.6275413012612662
0.7919646680438229 -0.3173704729683729 -0.6886300505768234
-0.4770302232415884 0.9283143893454368 0.580412442565418
0.5576882638420151 -0.8143229953503797 1.0318055094884175
-0.49895180629936353 -0.65239194058287 -0.5930543501275196
-0.06184342428776157 1.1547099838944073 0.5394471367148921
0.06442535559326146 -1.1333571368825972 1.0985512927200594
0.04241824659543301 0.05687623223525831 -1.1075935608811835
0.013493689185925292 0.27566577116205254 -1.0140458240719228
0.1194279107556993 0.33965543004795795 -1.10738658986102
0.08147557338332262 -0.457844707430505 -1.099004457629225
0.17085707960558066 -0.7026849422735082 -0.7444551971250369
-0.1671924635303117 0.6668567325517455 -0.674770540297771
0.38771918716341214 -0.39745266962265274 -0.6156081769391006
0.5753264565615858 -0.749124823706875 1.008543422231032
0.6271059440439484 -0.4647071233553518 -0.643087370967542
-0.8521815794729276 0.5968390490031289 0.23208733618091315
-0.11485909718322573 0.21624005400597318 -0.8745502915907254
0.39323104225617295 -0.638541352330753 -0.7845165471793393
-0.44181921469755914 0.7511927278870466 0.23790227299870415
-0.35347928405267776 0.6748006590356291 -0.7639332329034889
0.8826872779577982 -0.5524151054003549 -0.4463209713860324
-0.5499202769593874 -0.15824582489913563 -0.17308061267126051
0.5751011160788843 -0.5618220714684459 -0.5968368675513224
0.5272205189534727 -1.0834051106930518 0.8406258950586945
0.42806505166092435 -1.0870049283810128 -1.1500316122531535
-0.6046298327370236 -1.162044918255202 0.5999353153690272
-0.7817445834707155 -0.8067659881915838 -0.300356117041319
-0.39954743592975944 -0.5640965818310243 -0.41102653464446764
0.8907501691087436 0.017680291700696738 -0.6556758469104429
0.7302440826443188 -1.1595825897210692 1.0418789822404533
-1.0719155305771815 0.7792826925808877 0.25278112499399497
0.35433986803763595 -0.6360289757588873 -0.8949791303150303
0.8412017652711078 1.1891434388351236 0.810395991221049
0.5929653229039269 -1.1489677696894605 0.7716379447144176
0.18288783462228111 0.40714486915047854 -0.5201579748733265
1.0060525882811842 1.2196074183391292 0.7736202144058624
-0.6181535627718951 -0.14610550208689416 -0.10032298486135036
-0.01277431108254698 1.1613079756727298 0.2905586524128995
-0.7115039415590932 -0.39455413983492243 0.2221329084986019
-1.0436548898286542 0.6994451599399312 0.20236984699785257
0.14863073375513267 0.687252566009889 -0.5107212543581104
-0.7743952210987806 -0.057126184663389035 -0.22248525779466966
-0.16021264533329088 0.626376200579917 -0.7337495186213236
-0.18801718313264065 1.1758010395297878 0.4990985424137767
0.17273470708378216 -0.7030234500661516 -0.9082613402970171
-0.39706804295120574 0.6454446661672063 0.41650949138147636
0.37166259990097783 -1.1882227371550829 0.9169016442623948
0.029871985426583703 0.8977184519175043 0.12928695922476552
-0.9105129472419099 0.9465515849909214 0.08566990320381808
-0.6061163218555434 0.20048202013999583 -0.213445307497371
-0.7573079446117555 -0.2613063905288791 0.03898843550327724
-0.8501665488232301 -0.5978514675425102 -0.24890336428291787
-0.25782569352423673 0.708825487606607 0.6594238837854248
-0.7598785877799821 -0.5929547716514448 -0.2135440280758621
0.21151145152202241 -0.6000972910944401 -0.7097105370402973
-0.41249105579574746 -0.9645254626624336 0.20443067721510866
-0.9142747558489428 -0.38568347965528677 -0.6082520242390814
-0.4038431898366155 0.2359438684665587 -0.709365340688404
0.46889312601407085 -0.774623400495639 -0.6472464138221012
0.10455469205675738 -1.0389072834450588 1.0397672283464108
-0.11884495193318344 0.7104991798126067 -0.6563306698454762
0.4144895406820811 -0.8198788052390872 0.7276543451571694
-0.4607761525714868 -1.003865729187587 0.26200359983835575
-0.9136401090095071 0.7310216006236229 -0.061598985553971364
0.03171276545916435 -0.7260979516093613 -1.0277858860776385
-0.07037953064112666 -0.237495987820869 0.09923015044659833
-0.7180050387465473 0.9897472843197892 0.11330251183728957
-0.1488576523590403 -0.39909496071876477 -0.5107982472783641
0.5693103696914592 -0.4478804094324473 -0.32479340127883166
-0.15536894241856958 0.8496228838720542 0.3490460421001303
-0.07337007038660356 1.0802950788415846 0.6149874430717573
-0.4462356729664547 -0.6616232918350953 0.5389018299859175
0.8980470047082635 0.6759094757229014 0.8393840022743628
0.6524692279075139 -0.6067173821051413 -0.7743993996492692
-0.3916291186009319 -0.45484551993317013 0.2252415652096843
-0.41270714058334723 1.1129133145923076 0.47426005551873723
1.1081500859597875 0.7282771048871903 0.46455741927002714
-0.8181425139140508 -0.8075887481477124 -0.12074644126680004
-0.2497384286826354 -0.7836954092828894 0.26383615023589635
-0.033826862529777735 -0.35404733265769817 0.21732209051608653
0.15613384694292803 -0.389716099900092 -1.085471176304879
0.7157200600500839 -0.6271718671594928 -0.38961268131059157
-0.657616395141235 -0.23797815221937166 -0.3726273999436147
0.579484859134805 -0.8350986194664086 1.1970734270049088
0.21795611577170804 -0.5754170129286597 -0.7004973964915493
-0.18033258177346884 -0.585598005735342 0.039139751499392306
-0.3703890853643525 -0.6344242120262059 -0.057268956998884304
-0.48867645948430755 -0.6228698665510624 0.2731212650060196
1.101386686436261 -0.6492261020078937 -0.5954401863676496
-0.12013290616783424 0.42843746419538226 -0.8002584031192246
0.6700575998967426 0.8553831663519503 0.6832077460658036
1.0882907534364477 1.0260026934955642 0.7214104970334012
-0.5320845774199532 -0.7513212192305682 0.18706442134778192
0.39401782966576626 -0.5932372415696141 -0.6771408437398805
1.131995200713452 1.042922401100278 0.5847204961164326
-0.04049196339027729 -0.4676353274022983 0.21978109228266401
-0.549214242890197 -1.2519215776500614 0.45061849093949063
-0.5181064806544011 -0.8183112965150999 0.19819196296175157
0.0338050882493304 0.2992476934050692 -0.9240771382604752
-0.12739159320304602 1.1448427722158545 0.5092455375225852
-0.3023752603742525 -0.8907328672666355 0.44454234266757603
0.528286815530619 -0.5634933541889632 -0.4111266603827226
0.12867672106783962 -0.5964274282293591 -0.6740804264238189
-0.5936930135315505 -0.40404050207246817 -0.416233154757922
-0.23470389932996938 -1.1296153700078302 0.1266591736264767
0.6620274753228497 -0.8936027081427054 -0.5234098530785676
0.23281993052444716 0.63747937341508 0.531904955604426
-0.6161593431672825 -0.5175497510266565 -0.11177006524962776
0.21052389770312635 0.8035131266277042 -0.6415434316203255
-0.6958428847720449 -0.2099741807902853 -0.5306260827770279
0.7698630373336336 -0.21899676055837425 -0.811613799180635
-0.2592435296140864 -0.7083526216110982 -0.6795841429792089
1.1203522079828527 0.7697769858551958 0.5869936563601492
0.7452103826991382 -0.7124438348598092 -0.5715900400646097
-0.9702531680455204 -0.3286388152699551 0.04909610378043892
-0.6752650120053415 -0.510470764992057 -0.2067466714308953
0.10184062227900903 -0.8208082077760115 -0.4159886860779604
1.0341092124874274 0.8484398325600095 0.7779727419424876
0.28692631364129273 -0.5453634040103905 -1.0096177811486517
0.5005636329808525 -0.6254710228955375 -0.7506157009708828
-0.3581546400176885 -0.3619451066553745 0.5146679184431076
-0.5698376649872898 0.5548774445194726 -0.5976485903644226
0.4417056950654475 -0.8854105580507816 0.8346586268613972
-0.004190793427403583 -0.4913043767111889 -0.6209971988252294
0.21330124159840377 0.10030242557977331 -0.771779571236835
-0.1404811772904057 -0.4227720415285335 0.5304439173565372
0.33290118685955383 0.5157479706408233 -0.5276273532866784
-0.7924790165050483 -0.3697463880391005 -0.17421342237528586
0.5347425741318256 -0.36070430956138505 -0.6691422415061831
-1.25281382372282 0.5289138574407922 0.30556388521604216
-0.32448490713182726 1.1561753368477437 0.40559734945768616
-0.5132721576368335 -0.4929401260922426 0.0022419158466765107
-0.32402762167178356 1.0312459593456536 0.2194131762877488
1.0740077431150679 0.8552157549630781 0.23317477613216375
0.5573284212906642 0.8387009288812165 0.4942557670574006
0.8395169913246733 -0.9481880843052666 -0.8166702147929132
1.049680368422275 0.7413792008039659 0.903741692165791
0.4279660056797644 -0.48264674980471134 -0.6547933328259645
-0.38511543755598693 0.6761435100645312 -1.0084446910843639
0.47725601966754266 -0.7722316828782815 1.0241566891064406
0.8845424175319331 0.8006457338790515 0.8546977047659307
0.7119252473717836 -0.8064353882645912 -0.5725053971466895
-1.0175131693242547 1.0114986787355833 -0.05969983451596206
0.5380850675851064 -0.45953300152651017 -0.7883214575543767
-0.12470733544155822 -0.5469898472015255 0.211929427464214
-0.4253355692278009 -0.39854296933265526 0.15161110860383975
0.8008453217058736 0.9998774679343058 0.6784847178992253
0.12238324049690975 0.32764983766810346 -0.9378643799996779
0.571718104488534 -0.6918511472950366 -0.874529290639811
-1.0980522891001399 -0.47496419163134007 -0.5885517145344528
-0.012676641338371437 0.05482580398999429 -1.0395253436535243
-0.6169356117397268 -0.07482250900410575 -0.01184321530979842
0.12131931153324574 0.28074064837788926 -0.7692009536862688
-0.841985548292784 -0.43330761154733066 0.023811367093314523
-0.20553465329255927 0.3545415446192345 -0.7793956024411075
-0.6750103739433491 0.005329777312038431 -0.489887198825359
0.025481158529113646 1.0824530048111443 0.34320700912590446
-0.32226876745891386 1.0126529725266253 0.6727600058065417
-0.06515426628172856 -0.6371141912737609 0.3027676819364557
0.26589189514423184 -0.06356923546852289 0.016831223860039324
-0.5266606462396013 -0.7199873822655172 0.7846192338321516
-0.8365182973974271 -0.31968147568508976 0.27889713323209697
-0.40528357785662605 1.2336889589414632 0.3971384653927367
-0.4191327866524761 -1.0414328071977321 0.22555665133013972
0.01975231247043366 0.5620157623080485 -0.1970708429166328
0.5051762184796069 -0.21292575381647338 -0.564764919847445
-0.6796674692469175 -0.26392298290517413 -0.19096860089475037
0.017527936885272766 -0.551996043464415 -1.0773003279069941
-0.966523023427141 0.5666355373461233 0.09319618362004882
-0.9008145421627676 0.779817168501819 0.25694550411414324
0.41412363484219206 -0.2999610800676618 -0.48094684643434094
-0.7416169189753595 -0.1706842332959888 -0.2596862261545274
0.5332706847837803 -0.8795564437195165 -0.7980927835182532
0.7330052854208152 -0.2882854688054373 -0.5234694680071456
-0.1641185331042161 -0.23982194353774122 0.3705955961422899
-0.690648374071683 0.74876326578043 0.10475101870218806
0.2810855959942481 -0.8605145323729032 -1.0933116425217901
0.6575104045530997 1.0696402951201363 0.8837753458016111
0.37089611179035575 -0.7459172758030551 0.9637408381014025
-0.8707735420215453 -0.462118725426037 -0.1578023200067838
0.606245706648616 -1.027426177068921 1.040920066446287
-0.6939033602641903 -0.3412237735331211 -0.42528957843967224
0.35832611114837437 -0.28624484072686096 -1.0011640403643862
0.4469666619419129 -0.2490966081870733 -0.7906757300691745
0.23759984680452245 -0.5699445798021789 -1.2883182599544858
-0.7221801323180667 -0.5664795900961483 -0.4057618384539248
-0.43755546778214927 -1.087942497626471 0.4991046751403757
0.7978942147883923 1.271803363818706 0.601845862602889
-0.11285518883758136 0.0038480086307854933 -0.5972742924347838
-0.8439668517273 -0.5573683954498964 -0.19871328093209184
0.5777584941994318 -0.7904381841360445 -0.9563443818623664
-0.22541016449589774 0.045694862154444515 -1.1239374527644697
-0.1334529877737337 -0.8377614022578977 0.23258913906304374
-0.8647086864857226 0.5553891031662734 0.2596182757312772
0.7461540091692266 0.7937872037309787 0.7869242297893725
0.07719628623272742 0.46218075095031563 -1.106377512393418
0.3216563639622368 -0.4491577641071829 -0.9632574377679468
0.16392147642225838 -0.7243753919431793 -1.1946078616340676
-0.304762083574517 -0.44459029873032246 0.3197177054620956
0.19706475560467449 -0.4542746362999367 -0.9068137466785041
-0.2517683226356139 -1.0971007199252008 0.1340139624460138
0.6321589556565239 -1.299029721796146 0.8585211289847363
0.0733940339050271 0.35313480613203674 -1.0306264964388538
0.07156778843115386 -0.3164569009605763 0.48560036871490153
0.21509156962042192 -0.9770847136095435 -0.8568383420311427
-0.09109280046984869 0.2525920578862323 -1.105935193040362
-0.6053478985641517 -0.15028483494680622 0.12630717377384815
1.1362703863129606 0.9072413375068448 0.5803104968024388
0.14601520732321172 0.4232209089475083 -1.0255524807250276
-0.5762901612501413 -0.28221854660170126 -0.5096942918002696
0.5661927183280403 -0.6643184429182196 -0.5812479531161482
0.9246329823896028 -0.6359834710306373 -0.560404828197774
0.8352625270866336 0.6003184108671191 0.7245543279867748
0.10976437227490683 -0.13109396375709048 -0.6313572253073344
0.5376480210219918 -1.1477047669170055 1.0044688569057845
-0.9146197855361157 -0.376916162886253 0.20552849920779226
0.4585700322268119 -0.6811814261526916 -0.5126127560162176
-0.5209390067792513 -0.8042865809410311 0.37973331038673797
0.7397412927163046 -0.592690734069486 -0.4748914406235819
-0.0067596810583577804 -0.7417816067009171 -0.3902019245506989
0.10441101866507962 -0.8124101520963828 -0.7591086875108667
0.45154461359025616 -0.533790098822319 -0.5894736625675137
0.06357176981788293 -0.7300039708851115 0.6759501264965075
-0.18309693070022884 -1.022319669393043 0.11259195385374476
0.2823209393695624 -0.943989768648364 0.8939391837779181
-0.0424214388373908 1.0821351109450008 0.46778794983524014
0.0732442238869628 -0.8352451535666563 -0.5721100790176239
1.0576068384877464 1.0170221941368636 0.5485731157231788
-0.14400901523539988 -0.8175892779853108 0.25735218343472815
0.3728820020900959 -0.7746927844694964 -0.7564726870524746
0.29485162337873194 -0.5384891127927667 -0.7461494209338033
-0.32186790562062173 -0.6070370403293728 -0.8790368602487968
0.05987959790751334 0.40121754967225476 -0.7079926807433884
-0.9316685088696348 0.8969732866988718 0.3807121874494599
0.23897466509715587 0.0702547198165352 -1.2404212327899877
0.6335392019563383 -0.3628414766684237 -1.0832353540486392
-0.6157536994518463 -0.24989768970958925 -0.12010687660337066
-0.9693143641534961 0.6218231368804692 0.39500008722949
-0.07872295225463513 0.29283398404746935 -1.166922503420218
-1.0286331349844609 0.6258362311057895 0.3078933454124929
0.4774396718340789 -0.2958388380313733 -0.6513788989478021
-0.7396386055089101 -0.6882068764744801 0.35527112884615175
-0.22067235493287712 -0.3654091529738347 -0.056395802610229695
0.9960794986821284 0.8236566175216342 0.630177841080396
0.36759738686983895 -0.8855498882744353 -0.6822868474140295
-0.5644382299796471 -0.6088103000953748 -0.26124399890559163
0.14103994708385592 -1.0209013583541284 -0.6892507872623692
-0.9097824197806599 -0.6346280108401494 -0.3204302307114132
0.5148062182052504 -0.4094003858101738 -0.6319145345812074
-0.24127093288006346 0.6127153385809228 -0.7647007015730208
-0.6455421381432704 -0.45180866071589043 -0.42310664379827606
0.5427986560528062 -1.2042829675925666 1.2718470950136371
0.4847721657954657 -0.6940560506509524 0.7134564758974495
-0.17548199641464712 0.5983073167392743 -0.5190674321804234
-0.7619992862585654 -0.4143370519417563 -0.050380396798002436
-0.5718090810482807 1.1135412372486035 -0.6545961419947478
-0.2214613860922393 -0.5259087171376445 0.35029813974672425
-0.2988386639440369 1.143305006957159 0.5715798843612093
-0.5106457604213225 -1.0266564863644176 0.8504757829057406
-0.39972109780577825 -1.047444113218709 0.756304566844207
-0.29235294032618986 0.7767331338228403 0.16235722571331362
0.39104159965495744 -0.8824164286599413 -0.672114468964087
-0.832012226901571 -0.39770331351204935 -0.3425187383942907
0.8249849299540379 -0.5394668577581109 -0.529778087023107
0.43227504306743625 -0.4479079823592084 -0.8698077151919319
0.9422243009963148 0.8353966938609484 0.8479717130714622
-0.6923444451746702 -0.11989490824841159 -0.14504758248270808
-0.8889884579980635 -0.5287676582093801 -0.34941804523309994
0.16651623690327771 -0.32684453892733556 -1.0534018553392706
0.6889852733587036 -0.7810566452692644 -0.891954582273074
-0.044596655252227994 0.7810744026347592 -0.7453449974573381
0.821466246668352 0.8152353358485636 0.8906456557172975
-0.5545533271276064 0.5309344186886181 0.07078335986291884
-0.9936727617919758 -0.5208214183194121 -0.5281413777740692
-0.18051382269809463 0.5264631604570545 -0.30964819113064773
-0.23554077258836073 0.802742116379167 0.6486204052912008
0.02642792241303063 -0.3019596168456142 0.2298015594978919
-0.041050283841101876 1.1664497451226725 0.6108880965988193
1.0911231670284558 0.9973787446742058 0.9435843329376519
-0.5220116526309473 -0.9512343491326775 0.35455041124006853
-1.234454185051244 0.8836226054073466 -0.08037484558193791
-0.8423320786317738 1.1410163894863314 0.5261524545738798
0.7567973837435684 0.5852844998037493 0.5706126454966112
0.15276249772023276 0.3994173337917438 -0.5336450106307871
0.4997956665492911 -0.8787486055607077 0.894676974810122
0.5379642745421721 -0.3761713313071765 -0.6917298335450743
-0.46542612919240656 0.7029113769391943 0.48445742013274357
-0.6972303475859312 0.5800053084043064 0.0893186228325026
-0.21568357789481074 0.6709155384878294 0.16383420498137535
-0.31277747159419056 1.0360537133746273 0.4126618470842993
-0.21277494920983864 -0.4864519108322088 0.3273123334183803
-0.8039382872301147 -0.31967363398935633 0.16087703141947532
-0.4353170926367061 -0.49293709290744625 -0.18469550757069522
-0.04434402057409853 -0.45590613429240245 -0.9181430272889113
-0.7493813187808467 0.6077813909296137 0.11860141668456323
-0.5274000519563853 0.850407215362228 0.24560223088300526
0.05415337539594978 -0.7658280191957492 0.8437933307848184
0.544220568556501 -0.8926841217624655 -0.6632036862573009
-0.12250772611342331 -0.9616807422234984 -0.5809125973325537
-1.0525417681126952 0.4163019042011649 0.20544070721520377
-0.24789110665330216 0.9898434161931786 0.6735918324218007
0.18948136254795447 -0.4692624826531099 -1.1270877687724061
-0.5205218877921276 -0.6116713706482615 -0.09274686168763188
-0.36799858159132187 -0.9326541353427221 0.33522175608228366
-0.711096574598975 -0.44797954525992245 -0.549809997046822
0.09650439719327235 -0.806348988708768 -1.0095945731741798
1.0076342034183121 1.0696260305158645 0.9362692542234252
0.1376116170690235 0.48076902684863027 -0.8558188529972681
0.4731633282418108 -0.497445552661655 -1.0645452767039476
-0.3101123836042023 -0.7191323156702758 0.056195585868853815
0.31357979520121804 -0.8139028905681496 -0.5126600293371296
0.2261909998029349 -0.434071276611554 0.0579024055130864
0.2720634325009602 -0.4968827495181549 -0.9238251390888131
-0.3326019016179172 -0.9863858311355199 0.2254564164309887
-0.09401585440967156 -0.450454333805635 -0.04440484655600668
0.20764818074666325 -0.7032456455607621 0.8876142536746295
0.015256503289142076 1.0990691349206547 0.5104471152580912
-0.35780305303997606 0.6024178386569652 0.30613621788322615
-0.482077449830312 -0.6399868305445207 -0.3476896623159507
-0.027505740405981118 -0.038599127651217174 -1.10951815171952
-0.08950080545243161 -0.7262692838977856 -0.6765161587227354
-0.19160748543948086 0.6938626375167359 0.4488271346171731
-0.6679811732361388 -0.28732459593725346 -0.136619678762709
0.1071227215212676 0.467428088849451 -0.8419577029973646
0.2020295396566575 -0.8223063641169659 0.9066750936946656
-0.3766337118004163 0.8125288639759958 0.1301614118047038
-0.7003034509680377 -0.8481545471131224 -0.2709879145658301
0.28630689061135506 -0.8627185899262456 0.8657550306045293
-0.12042408291203993 -0.05526671387091986 0.3484155608250864
-0.049403496686119916 0.9617646508943555 -0.6489353177673217
-0.30409473850647967 -1.2375177455568003 0.3027461654060025
0.35252390932174915 -0.17497435813742057 -0.657428450673264
0.02023498144471321 0.29224730433631363 -0.896773899217763
1.0840853282428795 0.9835174029754986 0.683183207566295
0.613606935443416 -0.7344603735230254 1.2019284692624312
0.410360178757117 -0.9048971399289809 0.893808417204712
0.5376585284583627 -1.2626670080056306 0.938752410156656
-0.7459207857784009 -0.47370174534076137 -0.023931979926522906
0.05345519785167477 -0.2811348295951309 -0.33100678313793075
0.735995407535714 -0.9122788576075401 -0.8230945161338433
0.20596276402645358 -1.345566671629907 0.6983405379947137
-0.24054629959592913 0.7449357601401846 -0.726633486626963
-0.11480472170524719 -0.8976991453108483 0.3107069924844166
-0.018298573234594953 -0.34979761902998907 -0.11606405051597019
0.7017188392471645 1.5436534592303626 0.39615814477127564
0.1916834455059928 0.16998694201420678 -0.6896063397537051
0.34571055887217284 -0.9103269262858912 0.9757887880696005
0.2522282217510886 -0.6194863001063747 -1.0324424054131274
0.8830945020337769 -0.5974684644595869 -0.44977424872007443
-0.1028515987157273 0.8109361663508985 0.6193978426035318
0.2117825537533516 -0.6085396840843613 -0.9451232902242681
-0.2931359518690735 -0.8682214828480606 -0.7097366921453658
0.07545059718455491 -0.7140921912095902 -0.6817575852649045
0.2794587975660664 -1.06080252690839 0.4428973885068257
-0.18350540555652428 -0.7777171835840795 -0.4048630867800522
-0.390295153511663 -0.33620678070239124 0.20941271396530528
0.15216655291851833 0.1433336331873104 -0.7813741279917612
-0.09497268772363163 -0.4932325299732081 -0.3505507431467333
0.12717515556776357 0.2966110140740935 -0.2910524848984768
-0.7782798234772689 0.8989970670740187 -0.06307777973553419
-0.4941914001377574 -0.002206946577971436 -0.0025868491232688556
-0.8874710553195508 -0.8575410267473039 -0.44490589255809193
-0.27826198342560415 -0.40278769802653897 0.5031510739565115
-0.7498625747386021 -0.38379712603551797 0.340636601280699
0.35145263429869544 -0.5545514984211687 -0.8278402749459781
-0.11860060657933286 -0.924614742918427 -0.854402070281995
0.11724492287071035 0.18705745033383642 -0.7651709164588432
-0.06281264531287309 0.7279003948239574 0.4931602541084721
0.2698122601551336 -0.5736932170497694 -0.49390619532495256
0.4771916995596738 -0.4464681467415873 -0.5810362350668132
1.021051124194172 -0.9019122347518445 -0.750903750495504
0.7563123983794742 0.9563371293021525 0.8490744537192034
0.15093122043172746 0.502972357669329 -0.5177127299371032
1.1306090832851567 -0.4302914987670994 -0.5003554504824476
-0.551891975802526 -0.04766727596116549 -0.41637101182503966
0.44615949238816444 -0.5008955004248155 -0.5405756327994315
-0.7013988723270246 -0.864955244691407 0.4183017873670932
0.12637176163275793 -0.19436130893084388 0.09385267382957405
-0.22019590885399656 -0.007468536207022591 -0.7409287097041312
-0.9690243371900332 -0.5945772275472476 -0.40115835237912695
-0.20793199628632403 0.4969656261806853 0.2753765219293577
0.23625119401815786 -0.6328797534489422 0.1537833520891982
0.3361371384832319 -0.7523544784434173 -0.32583770248787036
0.6285871257748333 -1.0495798731156836 1.0664080310826818
-0.6510411670203745 -0.7077664509314446 0.4607993119665864
0.49726867422016674 -0.8158296086481669 1.040303030761394
-0.33521940637325176 0.9693928056571611 0.4625118536338956
0.07797126014246408 0.21491022535931772 -0.8869951556583722
0.47275159667113426 -1.2287237256934997 1.0569203964957046
-0.09692429031911631 1.1551065173006128 0.5488851324341003
-0.14100449329274156 0.6472542514446243 0.9417950751013027
-1.0027359862084508 0.8500179952419988 0.13853432135634974
-0.20597836993637783 -0.9051108068888095 0.269915010785498
0.15682546322776297 -0.6757833976916949 -0.558578419970186
0.09483764947892633 0.10007385543447878 -1.2305717645817182
0.19313580303964825 -0.5594547011642854 -0.9469734795344842
-0.20207346798178105 -0.6963256719954968 -0.9176793824262467
0.38452485757805127 -0.7975123618256578 1.0165424950873427
0.6419590430991196 -0.9749141661501937 0.8467296678431779
0.17513058126817116 -0.4927008938189064 -0.9785808511420668
0.040146993570785244 -0.6122310678838114 0.22262631417245204
-0.6344938283576836 0.2983767541416986 -0.14846385976371496
0.3408346253876378 -1.0998731586743513 0.7990956917386993
-0.6186274604900613 -0.4493723497219776 -0.02199528463853978
0.079350434990623 0.6360622595926528 0.8327310431731794
0.5842273812062194 -0.09491652227635644 -0.6408706834747626
-0.5283184308425503 -0.5384975969764845 -0.0213086650251217
-0.4027414248464995 0.0654164801278101 0.23970446555658761
0.06711036137006197 0.4487580366195449 -0.5432545379000603
0.5178092987334324 -0.7816239151290736 -0.9984482746191525
0.15519118494238948 0.202422901934651 -1.3853540607648342
1.0237210501864014 1.145546326526617 1.0208045176188518
0.016408591636658948 -0.7253437436272088 -0.6975691348023023
-1.0620014441538166 0.2674083592593901 0.23833619184750388
-0.028761238113276175 -0.2644636767698294 0.1853414978034311
0.4512543215701926 -0.8771285417329099 0.9025452254513703
-0.4016280118883304 -0.48179744560105237 -0.037697834265500246
-0.4384400961159728 -0.7800870842791927 0.16673325279094808
-0.2848010697655953 -0.08399375634855244 -1.2277512679231946
-0.9533948398334828 0.0396331185604335 -0.17677774086601034
0.8644772488596207 0.9736398018794833 0.43768347752365533
0.07701237857514148 -0.6581331510903257 -0.7112629406708214
0.8604166916676081 0.8077422297889614 0.9691324823913607
-0.724155043470823 -0.552014060723254 0.3092751282338861
-0.04607939363983804 -0.7048386588940437 0.3415058787228718
0.36811191060764437 -0.7421708115728355 -0.8106298959092703
-0.7505037962056761 -0.4310225592203182 -0.10229522617725398
0.5649345443083076 -0.8626016814910625 -1.0097444574864665
-0.12606956955533413 0.4606639884206293 -0.5792949969884458
0.19640440259601394 -0.8244312393391577 -0.6976500564347573
0.30178764729258123 -0.8201652643753778 -0.9644670984993696
-0.6508595120949514 -0.20724559348362528 0.33162646426550746
0.9785914055084681 0.7268692440709594 0.37559465601842834
0.7799790150997296 -0.6258589162436404 -0.5579331596456248
-0.037769550020372654 0.5265207188434149 -0.35510826025544484
-0.6709730292844754 -0.5703233096311222 0.2953988624218197
-1.1319607912011151 0.4968466184948831 0.24297038311418753
-0.7582047729674672 0.9863774008650135 0.03853518007793935
-0.16196688452064667 0.2693601508244057 -0.8852050537505467
-0.8837087827662315 -0.4920080114630479 0.10574877571836627
-0.4343277947308827 -0.3100970293803167 -0.16953792287077296
1.1133013364124953 0.668927516055762 0.7903211130141494
-0.6932190371716307 -0.5215981210229232 0.15545148984556423
-0.3648723714516388 -0.8649825486942844 0.064357789550334
0.13517211547063446 -0.8132675556528357 -1.1264369705759905
-0.18300108431216752 0.5499262347790274 -0.518800758163832
0.14609547320352595 -0.6598042623049127 0.9825457892096907
-0.35854809463786697 0.6320929933475631 0.28786963041338887
1.142541714221412 0.9586284320833773 0.3799226617705177
0.5078889235619384 -0.7758662942099824 -0.7695940298818539
-0.012191817448811537 0.9451562760306048 0.6403400914125323
-0.15885748838858577 0.5516651086026273 -0.5548559506710649
-0.40920236715420455 -0.37957215236142333 0.33905740268337337
0.08677385457276504 0.5454283635480013 -0.8351707574538291
1.0969728063844004 0.9889948523106156 0.631749949817316
0.5273765913329251 -0.6015049731973976 -0.8433410384922253
-0.829374468885192 -0.6570991284183791 0.18556593912357175
-0.3089306950764865 0.7267884443771793 -0.4319779112518688
-0.8498869187855264 0.7502310753790002 0.2998388393621675
0.6330405059815014 -0.7691617007062009 -0.5261426051372913
-0.3006413505863277 -0.8907987120792905 0.3392540760148804
-0.4867631208316076 -0.09858140435241713 -0.11136296796454029
-0.6781221119015881 -0.26884976781726433 -0.39714257579669543
-0.6782202857631366 -0.35199972967064297 0.5424883904360124
0.1383150361275528 0.7116735464540767 -1.068121022537263
0.603610058172013 0.959497925887427 0.8404862252024976
-1.1521218072235406 1.1097179139747178 0.2390066938674491
1.2487261834759835 1.2850184228010029 0.5183659931937218
0.03881223140280235 0.2621933142998538 -0.6271557715916598
-0.7734600446017009 1.1334671006778612 0.3457483394450276
-0.8183151502480057 -0.2631780266499946 0.2944382807097421
0.04098628263333892 -0.3179489231840109 -0.9300574764728268
1.1593411740553754 -0.6744950142449047 -0.4316457610926667
0.40940633121616676 -0.3796885197314904 -0.8535895751107374
0.3091388089169787 -0.513454400829031 -0.45714009164580993
0.8828182546041358 -0.2685261544735343 -1.0861692111969865
0.735519650679228 1.0049842319731592 0.6799397496200207
-0.16829094432560704 -0.23750632222142287 0.37932762666996245
-0.2628354938801638 -0.3943022265138209 -0.28838232381307805
0.3192833369178425 -0.35488390516351637 -0.9688530031828176
-0.29379672534683227 -1.1344624590570935 0.37044217499026644
-0.44583904405912506 -0.21320150271879634 -0.6544993761483409
-0.11082015815107601 -0.5551291970966816 0.5959689088920379
-0.7133834778575474 0.26820481675424424 0.15625410919714025
-0.9754547562298763 0.6071537054989903 0.12584797901266528
-0.6625669546979125 0.8866799214101376 0.05756220699617082
0.23260534759359455 -0.5797646175000624 -0.8865736690842996
0.2991801992523884 -0.8318299668082532 -0.8980823968849649
0.2779408338111886 -0.4634271821555227 -0.9762501114267945
-0.2159734849073611 0.39647054711286644 -0.7195871501190516
0.4586394009331168 -0.8326399584758467 -1.0069380536013222
0.4210735752778078 -0.9408397817830372 1.0904805581395185
-0.35511845898389094 0.6917830476158399 0.21161311047646936
0.5309385474324261 -1.3095457549901326 1.356082635677017
0.8135832973682096 1.1529316034765489 0.7361512521679175
0.2494333581362376 -1.0967390756244684 1.0388108078362936
0.959889326281207 1.3041890775137346 0.8387806154089894
-0.525168437956507 -0.6480152383052291 -0.14379054192252294
-0.8924661641459009 -0.16163156842818158 -0.010667940607796148
-0.6891212861595762 1.00953295580809 0.4039506134561848
0.8677502301895655 1.2016697613852618 0.6732321777190077
-0.009413857369086738 -0.12322038868213042 -0.5104219275896622
-0.21215764357611536 0.18355882636951118 -0.5946481481699202
-0.5818785131716764 0.8127591875592548 0.13272467673182659
0.25193928659169723 -0.7547619640977677 -1.2245976808193637
-0.04179637107864326 -0.6853691537292457 -0.834545855369031
