0.5564108173130843 -0.5463482457119366 -0.7593046386171824
-0.467055617997768 -0.3097820878500637 0.2539278769017204
0.4261440089173568 -0.9518322969426081 -0.7332600031293299
-1.0382935807288962 0.4452285259071823 -0.18039126154938745
-1.0579472989159524 0.5354978164913696 0.3964101698732795
-0.25386341403226237 1.0607096987590976 0.4077108623125929
0.4034559428032618 -0.9963378354193698 0.7513066260353756
-0.4320839350982204 -0.6206231576807085 -0.22316166167975598
-0.5609025729036673 -0.32384618069660637 -0.3676503085201821
-0.5251861339697479 -0.651338842941138 -0.19492949847010863
-0.9852573876749191 0.6850813441320712 -0.035352538241995385
0.24808886946066516 -1.1433970493537617 0.8790535347267454
-0.717717692437444 -0.25619591075775505 -0.05767896581738266
0.6290431866757658 -0.5588192387788098 -0.6686229401877049
0.31352137036727035 -0.992765767460533 -0.8476987688110055
0.5262479161535596 -0.942453305215855 -0.40210090772149004
0.6122895208447079 -0.9424640334516519 -0.5703370654232744
0.26008936108810005 -1.0243267841417727 -1.0397307593264242
0.023272319965370852 -0.4468371035245595 -0.61938394912422
0.7706768688793475 -0.9831140340445309 -0.5996900231648001
0.40082488489704626 -0.6641954848632915 0.3558504683375087
0.8655985936375006 -0.1086728977863875 -0.5978935307059905
-0.41087524886673876 -0.0045743143942464926 0.06346223303268549
-0.9376700019998788 0.7151246024531975 0.16642763006292052
-0.8443169912533195 1.2253278187214072 0.14220196660791934
-0.06490943687076323 -0.3739422374706887 0.3319873032192766
-0.8035943323982231 0.8322797117750618 -0.05704516036635082
-0.4820895290611379 -0.46372377034022727 -0.11673686377124337
0.8980464854425205 -0.6162127745804926 -0.6634009306645372
-0.06109116474907533 0.8535836532458813 0.6347828258363813
-0.24371741134325292 -0.40415857475644246 -0.023362973984442065
-0.600208951607821 -0.5303871082276006 0.11550875545584706
0.8117462167131428 -0.7051880410275265 -0.6197255724544628
-0.11154127500772888 -0.6192745198372819 0.16824257813156285
-0.4301453619601179 -0.43976172734039487 0.15928863202826696
0.29741247227819967 -0.8986144632441262 -0.7581472649033522
-0.8037503698159136 0.6872095620360037 0.2029129737220997
-0.678843893520523 0.7755336206349821 0.5835319770053319
-0.1088979142324843 0.9199243871300518 0.5900028713430117
-0.08385662588938858 -0.3511532082705434 0.38354155342583884
-0.49166369555143485 -0.3897078767784631 0.2624882111225233
-0.39813435872832253 -0.34508432413251755 -0.19111365713886289
-0.19271296205283858 0.7743166647649045 0.2596774446876906
0.27772386440345764 -0.7574680658697179 -0.5221832224105409
-0.505094123680483 1.3792358042983248 0.8326706352869169
-0.5162861155324545 1.2701717723702015 0.31783960297687947
0.417307267300581 -0.9058198024403328 0.9308143397582153
0.09682307898454587 -0.2833935304138755 0.16525383706440505
-1.0120855940605253 -0.5042555490925048 0.032906142565921045
0.7343913568324584 -0.34262002505245026 -0.5833189601260212
-0.6885559849711805 0.9531621188465411 0.26276709328561476
-0.983006011265058 0.9370565960430024 -0.016495765726261408
-0.6129460273044782 0.5188873094069886 0.5364831753838706
0.43415372312274825 -0.9114387282659866 0.848855641146298
0.4099573561609662 -1.3508626130671615 1.351931427647199
0.07274286910941645 -0.7871565283804212 -0.7216339384526534
0.19386255316520395 -0.9691598424414121 0.9809569793161255
-0.04560379299485939 0.9346462393214625 0.2599112341703792
-0.12488415359697108 -0.7176730001165369 -0.7695029868546478
0.29994047222069564 -0.609694375936106 -0.8579829718239591
-0.7805882163764835 -0.5312132732256634 0.0720230062661214
0.1921219451025462 -0.19164700173512692 0.36004392742551994
0.3650947671716403 -0.9522861131002536 0.8864367619211244
-0.662288685607261 0.590736518311042 -0.1089497066115615
-0.5675786050126526 1.0561686961865688 0.35635955129021823
0.6433734552290618 -0.7143305106733956 -0.6445839609683087
-0.8710950969332779 0.8267445581991921 0.23007310521539823
-0.18935072590077667 -0.3411481639562008 -0.1338640750792367
1.0562980097091716 -0.6236046607274889 -0.4459579928838384
-0.3836396134778892 -0.153533234632691 0.25224801137324837
-1.2021137051628588 0.8452925040571015 0.07530901642774626
0.6287873238145167 -0.7311521090291071 -0.6752163746698645
-0.3291231328312318 -0.4904717032343012 -0.009340111094235638
0.4964994121038057 -0.9972532219526831 1.217919660572138
-0.4690798964918578 -0.4418616504794256 0.27623755763628555
-0.24674839940274584 -0.27681339644528113 0.2555375785111801
0.532141206204901 -0.6072406910084469 -0.4473557325080524
0.98201458017799 -0.41940843319537136 -0.8337072747337078
0.5829066234239639 -1.0443821488177456 0.8867103367203039
0.3342454087051069 -0.6099120653184985 -0.7049927258267612
-0.9017372977131822 0.8048834160001042 0.4619777242751769
0.2932868732759626 -0.4090519252307968 -0.672645731501638
0.482744516987897 -0.5569488295137489 -1.0133900759900223
-0.29335204664760034 0.8160548540118877 0.5642775499277712
0.050034533942543924 -0.5720618388051562 -0.797466926595099
0.48764121287896234 -0.5215894933066931 -0.6156412378579201
0.45444934836528394 -0.9105833838773255 1.04407876244314
-0.6689233120313309 1.255514916133176 0.4021693817834258
0.3890965764656847 -0.8628190953910584 0.6667272998855526
0.36605154779370885 -0.96275570857049 1.1055106074630099
0.10166773215537067 0.9476193574088589 0.30220050534473797
-0.5481977570436233 -0.5474467701730665 -0.008065738023783221
0.07873948407316358 -0.1123044561315838 0.07957785507836898
0.20442933495381882 -0.43249055323394947 -0.4412453545374604
0.8900028358089123 -0.6299168586274148 -0.7918578735547943
0.42882669368286475 -0.2607588504600114 -0.5862595840402433
-0.13663886601960684 -0.3350253322625832 -0.9363112055174192
-0.3847603079415176 1.1338160763691874 0.7745598387906754
0.5753023856634466 -0.8304881959574353 -0.642378919489969
0.2609778439022835 0.9802752171957525 0.4884317166673461
-0.47733620281429967 -0.449630534700397 0.3317230434763205
0.09631785830268841 -1.040175628017712 0.9221511725221696
0.1567477244600427 -0.6785796321250752 -0.3315782356203789
-0.7698427145953246 0.8766455463068852 0.32930940992939706
0.472004430678505 -0.661353105761815 -0.6264343614888574
0.02867269229679903 -1.2095006500327723 1.0095485731908327
0.044969985248509314 -0.800874119769042 -0.8884203040533416
0.25341608438015606 -0.7160847238632267 0.911811133935541
0.3143061074949982 -0.8033247632454062 1.2149929389607799
-0.8347537600406186 -0.6149303425732737 0.06943401456876382
-0.16013269135804242 -0.4540259190343996 0.12678003664396606
-0.7477653982006821 -0.7248375723109077 0.18756022334053019
-0.5196026316781059 -0.5312364812001354 -0.12459055790506213
-0.12110241577945377 0.656853905484771 0.5712550900992233
-0.26217245856636473 -0.6191528150263058 0.07208872410731904
-0.7388024957872528 0.8683469066532216 0.31732375698530363
-0.7567128166532897 -0.03917772792248608 -0.007056445971082986
-0.29218815085172634 -0.45167617652431036 0.3725082270467054
-0.26762696389640706 -0.6518565507540407 -0.15929664264788457
-0.1087455967815098 -0.6544137540663207 0.12382892972648472
1.0431628515109113 -0.6677409823737274 -0.6455440671692279
0.37527400719270554 -0.743870296646436 -0.5083925992266913
-0.21595315990698075 0.6580576343479845 0.6738573620869833
-0.8559642569393482 0.8228592699141373 0.17551405522537444
0.25131433631364497 -0.4849151097262939 -0.8843621240799157
0.7747296738582656 -0.9140399557904482 0.7787453389139198
-0.07620187917819918 0.9032574819678598 0.39088002425630164
-0.47836468796925935 -0.5918029293819401 0.08815434780731445
-0.6155972160825662 -0.8697704002857543 0.03453767562317776
-0.036292849622579934 -0.44450189390535816 0.08239367367806438
-0.23983155852182741 -0.633154149596659 0.0963717704436165
0.30287880094632763 -0.7129085520108833 -0.3415388550881827
-1.024690317301839 0.6845761419765509 0.21966730432770365
0.09822249964034163 -0.4906089102064103 0.10383249067669513
-0.1014461559829147 0.8432901512136237 0.8750064053471047
-0.27194346325455776 0.5024362985083024 0.2039493153041222
0.03692975888448666 -0.3842093821924516 0.33692298599360176
0.025089870330070763 -0.9919108150370974 1.2010136877894264
-0.5809292631456848 0.8869689293853757 0.08156531044207516
0.24096151490029244 -0.5058498946409109 -0.47694476001831176
0.7054459427814066 -1.0617593212520244 0.7177750270220686
-0.8840507528802828 -0.6856972655184442 0.012158480425417388
-0.16305433428458815 0.8797290351071297 0.36670133041233804
0.02971600275145428 -0.42300810642513487 0.09246659846707031
-0.44352288751850033 1.096864612982447 0.4723838965168148
-0.2319773350039388 -0.18636470276537617 0.139518012306302
0.32104936033605963 -0.43070899643420674 -0.47556898914485235
-0.13574077166956733 -0.406274462241492 0.1212766429751323
0.6312236348084296 -0.3300407498693709 -0.404930788493007
0.6565491211228648 -0.17174018587679996 -0.5930866892720986
-0.5130672345190233 -0.3716788939169868 0.5662393320124728
-0.23887768608432286 -0.6470061131335842 0.16122143114574913
-0.1561942847597621 0.9122987284075466 0.9191401431362509
-0.020961119064620892 -0.8513630069673058 -0.38605669683567
-0.9893266403863723 0.8046876086346014 0.30297723272890276
0.19657268392224625 -0.8797691189166983 0.825132140015541
0.002863258849258865 -0.6720662287516193 -0.38325347728883297
0.439689399068273 -0.7623163186828397 1.0710918782896983
-0.17740615975113788 -0.3054454398429291 -0.07045522688989453
0.7609145088453174 -0.029148331998734123 -0.5608799250331529
0.6218816777313694 -1.2221807807728065 1.0845418217697635
0.21748045284488363 -1.0138813163103924 -0.5776382282656946
0.8213218031919955 -0.40664725421203596 -0.5244602503867913
0.5128302532150116 -1.0681324903101461 0.8366762903373882
-0.733557578248412 0.8817853364017867 0.06206368771320048
0.43387449507169346 -0.6144052902714011 0.8940231320259393
0.4541147228345838 -0.8434793981697807 1.3121808610579149
0.6785594074628957 -0.7863991820619451 -0.4246531568797338
0.729766114535733 -1.0640466178507868 0.9370157966724709
0.027545388393105552 0.7253004491138785 0.47936687333972444
0.002361608769299972 0.9768878659119142 0.7942580809187082
0.0908009079499923 -0.5822993971890517 -0.6465102622957675
-0.1990419005053362 0.9618982708861609 0.7672345482095895
0.865627186362979 -0.1378240127686064 -0.894422962494366
0.4762794303654754 -0.6381782710655628 0.16119724202472602
0.3916815064286203 -0.6941543692424417 -0.7551539739049089
-0.4112853309752138 1.178231756606368 0.7450289447984477
-0.15673166927430526 -0.8944885329219859 -0.65406510244952
-0.4311785260382086 0.8797028800020612 0.4528908919632754
0.2730072363826947 -0.4287919064976311 -0.4652580638492698
-0.5441838074698944 -0.8099369600059694 0.3320796746184541
-1.0672647367028083 0.7261747644355544 0.6029114769228385
0.1835072633813632 -1.105991794416961 0.9805541213026083
-1.1149463852847445 0.7961969599889797 0.2770860346018788
-0.48348535515757396 0.7112739064624051 0.5583958660797461
-0.6807796897625473 -0.3377107004534179 0.0982402726699799
0.19598627746782574 -0.9517917281555159 -0.5271231373054217
-0.33455330301580133 -1.1036380500989156 -0.9361389748651089
-0.7144169736665942 0.9768524745272464 0.4451318805474872
-0.2487490131311046 -0.47764411098079373 -0.8567199517766888
0.07201213185636443 -1.1263887303635227 -0.5177305408518289
-1.2240314860513517 0.651053716210618 -0.04374385216174531
-0.0725757458910315 -0.5708620269434111 -0.5453310412865056
0.7523636185781886 -1.109012121364418 1.1731294225193898
-0.1318538752949558 -0.24019524769300768 0.09353924431876628
-0.2725881615729475 -0.5529075628813185 0.15157620703152058
0.061803725847331764 -0.6581054064206314 -0.8445197003744908
0.36396174391822156 -0.9532705223370788 -0.7603891535741955
-0.37561524130226703 0.5997979549103358 0.6839172787797743
-0.06749656093058143 -0.35585169793761323 0.09044894934277758
-0.6420363868423079 0.4440534419371473 0.2373391894645192
-1.0217408398796743 0.8313433950621755 0.2858805344436177
0.6444595935938436 -0.49347010112399914 -0.855979161191968
-0.7387983798637234 -0.4929306371856257 -0.2841774471177339
0.14729244817917095 -0.427752232482667 -0.8232935634244024
0.23765398772071025 -0.8878265205240918 0.8955970852662883
0.8394691189550009 -0.7013028295871302 -0.6673349859530541
0.41151626183512424 -0.8045228393977265 -0.517561661521541
-0.3353199199161233 -0.5240041727898742 0.46273362541144614
-0.7549791437617407 0.7876661220688559 0.0720873160173997
-0.4391123023237621 -0.230842504316692 0.05617844839763608
-0.15938447141950723 0.9153591457236081 0.6606887448945032
-1.0608654754635707 1.0428646546477989 -0.10831539007678992
-0.07837917655427165 -0.40258646601952247 0.46220510125105313
-0.2826885398612137 -0.43145736138816143 0.40170330188817893
-0.9233398208029947 0.5805442021081407 0.20892177768487813
-0.15339777518766423 -0.2716997877620986 -0.7489216870250462
-0.506903708957901 0.8539502205784986 0.838389019717271
-1.0209548318799626 0.7971123170710595 0.14393202768771957
0.22305495778310325 -0.7529513577889231 -0.6977262953232733
0.7033438772292226 -0.6049663541618018 -0.8120466328954128
-0.9564242314573426 0.7672801454234359 -0.1597617567097236
-0.07205329628352272 1.0524281722687796 0.42255470560189534
0.5461172491515157 -0.43590120746179317 -0.3998593002647379
0.0395902871871992 0.9738313952083264 0.580250710429955
0.35164459825434047 -0.8326305356053738 -0.20124134364711144
-0.019282431718869453 0.9528519868310882 0.5268904627954445
0.20080712174706494 -1.0287534487639558 0.9921522988632845
0.7326482017629908 -0.7741577971238052 -0.5576962208917544
0.12480996337420072 -0.5712026438838689 -0.5793111387697263
-1.040297148856707 -0.28385070960153924 0.0863624460532962
-0.35377386012157924 -0.6734158187744852 0.2019871953022701
-0.10854106173961178 -0.5580873227864439 -0.01723286712086361
0.19488351934642256 -1.0496689230706981 0.7757509394178494
-0.8094064974449688 0.8281267243362376 0.19739462806679167
0.6102813294556396 -0.5022966962468456 -0.44216179931042654
0.5351025053463437 -0.5375032798756373 -0.8574207290963571
0.4757416028675813 -0.8066500627770136 0.8999139696581069
-0.8878198547127631 0.5010034465394806 -0.1043291469660515
0.5496373119199534 -1.201248989796048 1.1066662374720209
0.39961559858445317 -1.1246343953400677 0.6865516031988478
-0.5496562405963751 -0.22211609654303285 0.08447641702623121
0.5975057164841453 -0.4923820728972703 -0.33796613631674427
0.35982146355415234 -0.8020848976608244 -0.6799572412254428
-0.23216667627488566 0.6201475593835226 0.45708195240384847
0.9612897803240017 -0.6259727606484897 -0.8792419217363311
-0.20940011004813103 1.0784267062571655 0.3710819338938166
1.0148015426553432 -0.7782055540770476 -0.4797760168695295
-0.5540038451677778 -0.40819236913578316 0.08665138121268756
0.6456270216304122 -1.0196757876427578 1.179547978722199
-0.34141220877420886 1.056838571800554 0.6731021172920736
-0.6043498350515266 0.717323458187867 0.08643737244758344
-0.27358682513390853 -0.24741218604746595 0.1923573742883037
0.6461984674174436 -0.529525293631232 -0.588434757513157
1.0612236428808492 -0.2615660578228779 -0.9019693180725483
-0.07110713546446008 -0.5067902544478664 0.37452242350285336
-0.7673535836667885 0.51823342390275 0.024280803129103856
0.3193829292838717 -1.025122270953323 0.9819138126300856
-0.6480331760030106 -0.17402267927462514 0.23434522803565624
-0.7855518622597015 0.5262087909895657 0.19227672155660064
-0.6860562282017975 0.8570142528807911 0.10353746021361443
-0.5664454075807578 -0.4510377065042635 0.03148791506627343
-0.49037028034911384 -0.42228071952059787 -0.12507307208343754
-1.2139310176711535 0.7222677212055728 0.17088394384191244
-0.9940223985566865 0.7420293152070311 0.06472133321849932
0.1940652521328868 -0.8454199079307745 0.6731882421932576
0.43791428163391505 -1.1825572970481566 0.7409984577155501
0.669513026220477 -0.9059055182112246 -0.39572753629963786
-0.9906624456012204 0.40774311285672127 0.3148991159874224
-0.35582013087704745 -0.3978796811562957 0.21314018852980512
-0.004100904467179034 -0.8194093827386257 -0.8754820957722589
0.5692231984261777 -0.9971953030497229 0.6959967820601454
-0.28646618655940603 0.8193519510825722 0.6999311525629504
-0.7752072041012199 -0.511057416827543 -0.25574133607996674
-0.028674277190616368 -0.27501602283463034 0.37561508336036753
-1.0776726977263542 0.8425597519983778 0.5715553236525122
-0.3597647936288243 -0.2689698236884699 0.2464796695066957
-0.5172623344286029 -0.4835681943975892 -0.17757931547515043
0.47174176854063266 -0.6678688824100465 0.6498483912278075
0.8610559714283386 -0.7237676826817746 -1.0686621322496375
-0.4038661969807469 -0.6286079847999446 0.15370649637944145
0.5280933812410241 -0.6824444463285301 -0.46502664466066324
-0.6389158881383725 1.0570316040096794 -0.1051595685188465
0.036551503361430426 0.9028898873679587 0.7301641492172273
-0.7179462625827385 -0.7149881041026381 -0.09381511074597326
0.40454836610564415 -1.0485070552191715 1.341821562183989
0.7180625412127101 -0.22149843859079038 -0.7087026793531614
-0.05035183472802361 -0.48576330011365965 0.19041196379771316
0.24118107957686716 -1.4141057131267956 0.9967976828384284
0.9743993006066287 -0.6228608035813759 -0.5979031127467526
0.036359585062008204 -0.8891858977318261 -0.898193350893232
-0.7232524520344639 0.6202626612519655 0.5661446328261488
0.834597688495993 -0.4476182065245506 -0.6837037861786107
-0.86899153290357 0.6864717710037999 0.3923305745429426
-0.42444798030114994 0.9306009833054942 0.19001367227955085
0.2953427006070656 -0.7819096534358565 0.7559836765798453
-0.12261122646631348 -0.32852442533323584 0.15370209852653077
0.42386354363749756 -0.6677072733921718 1.2996740193277885
-0.038627177334799825 -0.46083216415820566 0.09764850063173061
0.022790842919871046 -0.5292311307190563 -0.7480830569453204
-0.2824645539560957 0.6304170217162459 0.6705079644264055
0.17334678452095342 -0.6652168270725308 -0.8069141698724446
0.4461723788663679 -1.29980672223486 0.4844214628173784
-0.5246501006977875 -0.5992874720383007 0.07665658137407541
0.24478184534602185 -0.6332472384874013 -0.8328113186484545
0.7989292610563112 -0.43992850117554017 -1.0910493174088596
0.8331909500087953 -0.6988491005222971 -0.19882009067579487
-0.009043368167948207 1.0090206135582314 1.0108723154351584
0.05769376806654175 1.1660813742500797 0.43830545431486856
-0.04137133536932297 -0.3129259188034373 0.48987922551819246
-0.5812762679970882 -0.40065556030028043 -0.1034855264867498
-0.3047386498910651 1.1992376475967281 0.6395529173188329
-0.8609261024205083 0.9223813857496368 0.16263939817275153
-0.17164875813844852 -0.5494621733077628 0.08273209868166084
0.3528151497398454 -0.7831023094631865 1.0922593844824309
-0.3388233374001305 0.8198455422655732 0.5163124948173035
0.25350983257771303 -0.8996397996845373 -0.7905938343218778
0.3297859978640497 -1.1360395022747298 0.7711675834652401
-0.053279240204452655 0.9478878444551133 0.49922406803327446
0.2971899046809585 -1.2150905461037662 0.5922737533137301
-0.9356828641796462 0.9790896758250776 0.33201486558781673
0.3619379635430746 -0.5094805551520847 -0.6688868701497163
-0.9020138743657697 -0.7121676074441146 0.09901524657971655
-0.14864286742228114 -0.7876680479428867 0.3797743517680482
0.689829546486626 -0.7212018644669983 1.0471684289264809
-0.8537956713872319 -0.3197114835697368 -0.14804890365312828
0.2798310477228977 -1.0738996383779584 -0.8181279276389661
0.4070231560955933 -0.6192390012080835 -0.7633214895320479
0.13597368852970976 -0.9928208257491253 -0.5284636964118677
-0.761143885781959 -0.5920099004021036 -0.17084577631950304
-1.0612441560487282 -0.6716503123046371 0.05237927523330698
0.09381023821242837 -0.8077475984269942 -0.576935595966213
0.4838892561660181 -1.2986008513691243 1.231258856315238
0.593877706302283 -1.0641820979393932 1.071695821561379
0.27457462024345436 -1.115173515530789 1.1157382219212617
-0.5671397705867822 0.6709962129755963 0.4650319184151975
1.0329287085692416 -0.7244164770558708 -0.8251202066705423
0.6186543558028583 -1.3460540741441194 0.96498909824786
-0.039220641659980876 -0.32520846066164355 0.06526400820782055
-0.5262352711321304 -0.5989190279584778 0.19827600296456732
0.15993594388199142 -0.6975208945898346 -0.9002634859169127
1.2080745960634198 -0.629265484954915 -0.39755881358814316
0.7429898611138437 -0.5242671011607352 -0.4271707224866249
0.34858728225154945 -0.9705675881834825 -0.43867201202167727
-0.3827562227925706 0.9022160737061129 0.5595387035095156
-0.020239218658279157 -0.502066217646173 -1.0405843451018026
-0.4655436043789043 -0.142615898876713 0.07591704778798712
0.18573598692651622 -0.524265772187419 -0.6612414284783947
-0.3768599337582976 1.0767795428102973 0.574335285715825
-0.30512785476298354 0.7788096762381568 0.8464514115908044
0.4235394884200596 0.7173504518063571 0.3842602056197699
0.22145580731219572 -0.959910486680702 1.147497455470911
-0.00027020076523509573 -0.6822386072015617 -0.49428632806671047
0.28669702799448166 -0.97060737338894 0.8141227315447793
-0.06889572913063466 -0.026106812875988483 0.21833942070294698
-0.4221055458711487 0.8935013844119085 0.3570553352527974
-0.8391779144742817 -0.5413218082719436 0.2929875772148017
-1.0991648772991343 0.8660338837383434 -0.015688596172512947
0.712201631776083 -0.3013800230494915 -0.8674751619195712
-0.9012017310896394 0.8938109165120872 -0.046923188333522214
-0.08371501607881882 -0.5877560504116579 -0.8965079341730224
0.006922517436368458 -0.24710594264231248 0.47399707380761186
0.28664491469749037 -0.7306171943082853 -0.46219707182056613
0.4728050392801224 -1.1174873901751299 1.0478422466606139
-0.33909692397769686 -0.5697789965668113 0.14740096160644445
-0.09180066952608668 1.2005154633965271 0.5316241340214741
-0.43929364983658603 0.48478810273244716 0.3071025729369997
0.051653938404496 -0.66821356358766 -0.7140799885250364
0.3338416156855024 -0.72110732974445 -0.8531279279310869
0.7693340178504454 -0.7386025758636561 -0.5980486778272527
-0.19947826410925365 0.9062149757129997 0.6383706813852887
0.17927143558283126 -0.5317480655918364 -0.18027273898009744
-0.22746519543915777 -0.19982020855997362 -0.16976763396580463
0.32804382066113796 -0.8627575430121464 -0.6886701433930654
0.4939506926065601 -0.5083143535909542 -0.6347572090563327
-1.0081964357648794 0.872626904517715 0.4084426062840283
-0.5947558377470143 0.36753831677128296 0.6679538251707309
-0.6701991248252932 -0.5154266490852615 0.08027924648012708
0.6238278633032233 -0.1084890626180397 -0.5779777131857957
-0.5937255277740902 -0.554061105464611 0.3492293776668493
-0.6120410844042617 -0.6969594985751995 -0.23401192357247874
-0.2546299232076031 0.5667276884217877 0.24948151673567864
0.5348819478667528 -0.7077479477369675 -0.7559117428828707
0.5662625263592462 -0.9196360046354746 1.00321558787867
0.15964543136778647 -1.1521344165953937 1.0232577972005015
0.5961805529745843 -0.8032091741831916 1.0107754007580285
-0.4337722291942256 -0.30994015760586024 0.14001915053637262
0.6347640977134749 -0.7180725498975778 -0.41428959318924596
-0.5874756747895529 -0.03108255239463542 0.12613290567911975
0.23080253509365467 -0.7012345166480074 0.8552573121068799
0.4575639280386813 -0.7303657205007248 0.7156552312199111
-0.4494369981859131 0.9218981493297657 0.3774660275132075
0.8851164340503008 -0.6573138794140023 -0.7857656814461271
-0.6371407990000578 -0.48883149221568606 -0.10972127767427325
-0.5132191203260034 -0.4207328783872605 -0.0690724433451287
0.4289365129742776 -1.0331735920669753 0.7413570511167697
-0.8658415460382431 0.8830131453654002 -0.06781965890214742
-0.4435017103208253 -0.6487064688238898 0.0670285070551935
0.777720387351929 -0.8886739762574333 0.8790873995491895
0.8456698317482146 -0.8832550824981117 -0.9336054715758575
0.7888705480800045 -0.7931378018730086 -0.6675143604516194
0.21519575222320309 -0.5903539032393771 -0.37198414031255433
-0.38323484001241104 -0.6945345826720546 0.29306256039471573
-0.7579500586862435 0.549360477993331 0.2184853920398232
0.5938649316582659 -0.8119412047108642 0.7320593387234775
0.1463527147196003 -0.7179383124676193 -0.5824580071412625
0.05933280864131918 0.935423193401294 0.6946369209085014
0.4717856844350323 -0.5692894641364227 -0.6876676516222335
-0.42578152254514645 -0.24339734046031516 -0.1409228980833942
0.04999146591311776 -0.9187006506172577 1.0123338673292857
0.3027044509204313 -0.36385603008195155 -0.3739120322753669
-0.33652897514052194 0.7529472453959978 0.3233191232813287
0.47646335557978603 -0.9498925771175066 -1.070766475381266
-0.9524279413241269 0.8334526536721686 0.19644504665144363
-0.042446845727940816 -0.3135419044443541 0.028138349370501803
0.9198036566595464 -0.4133093178329094 -0.421314878452107
0.7784201613250873 -0.8341212400280676 1.0055501363986306
-0.6426020965294827 0.8091466020592428 0.14544166130991065
0.7723034482130722 -0.5649965033012061 -0.6774955837513934
-0.620377130317364 0.8126210169548284 0.638731428321835
0.6059810663305343 -0.36404028802766475 -0.5014085312499248
0.165874189721183 -0.47187074531405704 -1.0569920073868135
-0.028326125687021572 -0.35830475865771344 0.29874918087619146
-0.29597965339096977 -0.5815770954131213 -0.02656985984071958
0.38323254139037216 -1.2269416474091608 1.1224197483788485
-0.7657478760520056 -0.7410061310199376 0.023904522009553425
-0.16992466055117 1.0833762478117956 0.42349637845649996
-0.9980337195915158 0.6796879110270776 0.12157212309179354
-0.8775794002138662 0.7826134197111464 0.20191992231923706
-0.10651902820316222 -0.6890300132824596 -0.8197647244838661
0.707248697395739 -0.739370044533188 -0.6411556372019196
-0.22993976872093053 -0.28861607034037684 0.08224711331756657
0.09838136744560178 -0.571943635394951 -0.9246464779077543
-0.030343702353164498 -0.3873676769484093 0.2001309765284398
0.03319365562969909 -0.31758843190471164 0.027653554185256946
0.8559045574891387 -0.7818956243608585 -0.808040053660736
0.2544611906874136 -1.0218839802567043 0.8544682809475178
-0.03818870466091409 -0.6472223594873571 -0.6300425064939011
-0.5554451024297276 -0.24478335468998377 0.04524071140706959
-0.1873663558178513 0.5789831513849276 0.6530642216403236
-0.19073443319715086 -0.20665538860926413 0.1184733187352611
-0.3487135610311678 -0.6506760376616492 0.2273141191715788
-1.1267414736088823 0.6255704712865103 -0.0791987817565657
0.35863561797681054 -0.6112399283517728 -1.1619552412244842
-0.5827789117520767 -0.4667419902757517 0.3993577037699066
0.12263711471875932 -0.922676760517552 -0.5288296583580999
0.4879870356836592 -0.8474668432533955 0.8977456726117795
0.34031837115430136 -0.5874793926777215 -0.5165217729841135
-0.18295556946794628 0.8999525828309177 0.617447251364091
-0.41058488277564964 -0.4113327400514448 0.2681590159344073
-0.44129590647028766 -0.29396675951100254 0.4326085866934511
0.9691649811672279 -0.6735092686177208 -0.5339652473799438
-0.9444944680507907 0.8082975289378951 0.13685386755048728
-0.8384349080421378 -0.4647618219445769 0.13828890930796284
0.5150338384088147 -0.8141082875728392 1.3999017214133826
0.5525520456008762 -1.5135435839910847 1.1000070322498812
0.6229947684710283 -0.856234630057376 -0.9196495926016923
0.13469386575853615 -0.2797635331055902 0.19534546444554146
-0.7069501676286994 -0.4872289624841473 0.24105839399687762
0.5984317775220639 -0.544444403156517 -0.7818405033665816
-0.18181617352752177 0.8223253225037737 0.4061605123288218
-0.15239242859743207 -0.9394307792008959 -0.5111907920157588
-0.22979673237184184 -0.6484806681304893 0.004625608842911605
0.71130233633214 -0.9093836100351312 -0.4102945055195371
0.2703988193172103 -1.2656907366852868 1.1223067541758218
0.7613900913665618 -0.6494398832579381 -0.2155888471603168
-0.5202553817775443 0.725310359610411 0.2378774226864968
-0.10399449279264023 -0.4068802354841641 0.5683988574581795
0.2785576780993255 -0.5865678919611161 1.3171426335418708
-0.2968098530716663 0.979298395471057 0.21096406083828173
-1.1292847318477726 1.0643796822395188 0.381807731238486
0.021767335885065853 1.0671818083408073 0.46701653927478304
0.4060261502513839 -0.5144097142809493 -0.6314045182485515
-0.6733408130037052 -0.6379439800438911 0.13908521281483444
-0.714272981815888 -0.463693797965846 -0.6447731151232009
0.5172299742354308 -0.6969364321382525 0.8261912383571217
0.191869027977134 -1.0392443603117292 1.0446726398526225
-0.05565793700905447 0.6108587210053602 0.6207891658056439
0.805032538627423 -0.6310000128056433 -0.5096778026170683
-0.6303951588030066 1.1575367651553252 0.34096114806854405
0.6592615194753106 -0.8207421018244601 -0.45459037645086753
-0.8720043512091166 0.9575756967529465 0.11138116845576512
0.1451699354157094 -0.9130465206645048 -0.7178182926735007
0.6494108033342889 -0.5723179333245898 -0.528737721549437
-0.8298989041841869 0.6863410044305938 0.3437731317363417
-0.292093105724376 0.6134203232830727 0.7021333348455382
0.33683195375578023 -0.9018334592418664 -0.6745596035752047
-0.010837452622595334 1.2646461708685954 0.44180149649690814
-0.40115564723806074 0.6753430021957263 0.6179833556089689
0.2108170086449448 -0.9094155358471345 0.9572859159070705
-0.5838584015442766 0.9001887848850578 0.5446117490399256
-0.5576076052072267 0.5780266270664947 0.2615556874216527
-0.6666595072900399 0.31216851925948674 0.7897805929199723
-0.2940324429786227 -0.8500638885109707 -0.8689193360850089
0.6662589325886509 -0.35842586202883353 -0.7518560842873095
0.47068471429807796 -0.8287546536641414 0.7465572271709622
-1.0302081927896445 0.7714343485491969 -0.010296531996802694
-0.6344612916477061 -0.07906448769084018 0.1732105393557708
-1.0580595284711045 0.8130302962206859 0.014536441445247877
-0.18941869182743887 -0.9294418854444019 -0.9021265752630282
-0.5336939288320008 -0.4685921795859677 0.13360335871398737
-0.8548424726563297 -0.7237641466222089 -0.11619022396302428
-0.3692620813976724 -0.02767087742098029 0.05750014270741377
-0.11287534590045853 -0.5865214102860109 0.3040179111223027
0.479639542538309 -0.9652147103370675 0.9276110192299896
0.410167060811631 -0.9936937524153447 0.8615067430580278
-0.7475437595921439 0.6164596367358564 0.42003201984337235
0.46652580988701664 -0.2569148114285123 -0.5535595024448403
-0.2941132886027397 -0.3827595615381467 -0.0016553641161426713
-0.19643673942282058 -0.721649983077896 0.1769227833158683
0.18339900381147115 -0.5908995198030363 -0.8425443877822889
-0.9544359870087136 0.5250371082786109 0.4648437266041606
-1.2207898546276934 0.5456078410018258 0.41161404901642
0.03575279550882604 -0.3241984728028797 0.3249791849500098
0.056274821128116964 -0.8286867317004163 -0.21653568632105302
-1.1448646569445529 -0.5378181948601906 -0.1551262389991832
-0.8645460319049031 0.5961748351420539 0.0040915457588769355
-0.4338579485575305 1.0255382560121793 0.4318004082501975
0.5160505526111727 -0.5010945976488607 0.731025136324337
0.4513420777092163 -0.8516575625236052 -0.9885639628537155
0.6210540776582312 -0.329777603215612 -0.849030466899989
-0.47168478032937045 -0.5861639767554313 0.12134947310289168
0.9001203026488274 -0.9221184845269182 -0.5950052561367999
-0.26309257980022427 0.6176785211015517 0.6724862070906944
-0.2108928784705905 0.4672554471937503 0.3666449844142603
-0.3398195111491116 0.567602141001726 0.30962406807145915
-0.8104123223059876 0.627191214087279 0.17602234208661843
-0.11629466175048 0.8501025762813215 0.39042273879625794
0.3153718922064308 -0.6445905117185393 -0.5995876262649001
-0.006121465715004937 -0.5846288573855024 -0.8478330734926478
0.677108403474321 -0.4765314042447036 -0.4440657285122902
0.6709234390428744 -0.4536002901720996 -0.7290038567179653
0.0027581421755053515 0.9863258616311225 0.6520950006152121
0.6056317928990671 -0.8965971797652839 -0.4805032587230772
-0.3440527165561843 0.9131303932812012 0.9335872693128747
0.6724576646026336 -0.4584072530535341 -0.6355894503611613
0.6458918521779787 -0.6723626051648948 0.7020174478479817
-0.0827754099591044 -0.5989433512804481 0.2596720053523402
-0.03787434579589144 0.5430195927927893 0.37463318126482864
0.216381129783617 -0.6521553598053339 -0.566497586461323
-0.5653922432312831 -0.5431139585846593 -0.26375708332834286
0.38488462870740203 -0.8559847348317946 -0.6550713938401665
-0.09373422698540393 -0.5966529383131831 0.4229075213224929
0.30210750181563195 -0.8055800843780375 -0.7146911309059035
-0.21565078549715205 -0.053551949493982065 0.4142254683745402
0.39727080558501476 -0.9760096613519534 1.1023575894527877
0.31110430328800154 -0.8629240618640673 -0.7680855339611053
-0.2024530250886525 1.31090839704588 0.4869601772655893
-0.09674714201246709 0.9999659095799134 0.4817624848491589
-0.1603324969985731 0.8682164311496192 0.5069756496417612
-0.032521309433740764 1.4570912211303204 0.7027158284792736
0.44431084089764095 -0.7387114900561331 0.9904070671770047
0.1371235815488635 -0.41952583623464745 -1.1183276990071604
-0.3873882825293058 0.8917895157126697 0.7182155288189931
0.4766350984641158 -1.084416708759185 0.9429570470831091
-0.2783741257248382 0.8766021350435004 0.612056047212358
0.0022662662552489776 -0.15056107003522734 0.3496557651244938
0.4351439058633519 -1.0309256922493142 1.0421028045099794
0.4308991771694682 -0.6793857268966426 0.9512223315981989
-0.4233969917748983 -0.4848761378194304 -0.08410126715507843
-0.6713524736885771 0.2854670030870298 0.24926998925735783
0.5923224391202295 -0.6974156496409288 -0.9996014228629283
-0.8060691944759686 -0.4197010969364485 0.11282092858620206
0.34045434522279905 -1.5330875439998874 0.90763872271415
-1.1183534270358644 0.4856586712938492 0.34122960364179256
0.48684173678182435 -0.934530009128052 0.7445446500673143
-0.972829439938373 0.7874544040195209 0.042520960365181104
0.5513441247571064 -0.8802260359672825 -0.588165066127905
-0.06999528419068131 -0.09075208289918657 0.574660898414076
0.08555757461166161 -0.2981851636689209 0.4090268910536404
-0.46591664978562974 -0.4155655976379635 0.6388332978779265
0.06308669380325949 0.8409637644045708 0.4630753178247509
-0.3323074023815522 -0.21928998796549845 0.43138132039778876
0.5317272583503929 -0.9527352413552621 0.6414324750297137
-0.7944044920430933 -0.4860857985508532 -0.2073732116170443
-0.035029108029569045 -0.37837267020177906 0.3627099284624037
0.8756077614495755 -0.7200143404175052 -0.6121987043479052
-0.32857264210059783 0.7243261380540627 0.39263887846917134
0.9853359267222255 -0.7237230057749757 -0.7199427663535277
-1.0895676422894178 0.4767477748625951 -0.12651811963119397
-0.38376525096615954 1.1734508860694666 0.05657269662838238
-0.6243373856233096 -0.35320765419195854 -0.06243563145462072
-0.3639553275678074 -0.6070898763563626 -0.08823067002010732
-0.7393247596055856 0.8243380967142993 0.32373288891631846
-0.34050478479392776 -0.6587417598184101 0.2984044433251034
0.010210382044174515 -0.8061127912844239 1.1912316956618072
0.43555233869666277 -0.574223268594769 -0.7314911183320382
0.6611716252256659 -0.9512409241503059 0.9669286227557147
-0.14904346871384697 -0.5286555891935019 -0.03656291592235694
-0.2659804932562997 0.6811782318504099 0.5615225386074689
-1.25669908132542 0.5520321423427559 -0.11013134879267672
-1.0494715719167538 0.7802477838910497 0.045826496104896114
0.31565265820996763 -0.9025950989545045 0.7546955343691153
-0.11750854161131674 0.7615992972014489 0.46222447437364866
-0.024451627764609116 -0.4496159197204058 0.22398171964635596
-0.35811067709295386 0.06446801027751059 0.26800411410043784
-0.2656419854636563 0.8449843750223901 0.5230833885074468
0.5961908873751381 -1.0833066504065556 1.0354377036494797
0.6779389206693541 -0.723082352389492 -0.458366799072765
-0.9641087271300464 0.8399567625092391 0.21182083354303874
-0.836840909158778 -0.53136315753795 -0.048958751534226935
-0.62667586481142 -0.34873474044062824 0.011630129068165733
-0.612129116117315 -0.7092084221644361 0.20809983396309711
-0.7739218902064346 -0.20511956308900953 0.41218165366103077
0.37435305812568487 -0.9845325075795562 1.137693591980415
-0.7941547169404288 0.6145995843085112 0.20408837399260016
-0.2668305064015529 -0.7339386334044044 -0.5623829566314609
-0.5499305364681422 0.7435769470802482 0.6127301403770555
-0.7422149512922658 0.5627325516820241 -0.11797383605393286
-0.4808782778041467 0.7463613916284435 0.61861605480066
0.21764439393611568 -0.5159704226431167 -0.0470978822549219
-0.4985177429416925 -0.2894350012777094 -0.01655488050880788
-0.989692423172845 0.8560896011194515 0.42809491099431773
-0.6705648996632122 -0.4392980824777303 0.33554399057645135
0.2457737677429303 -0.2555638552716928 0.18035848656391085
0.00718021011300779 -0.856144478724698 -0.6896665742376046
0.23681504864884734 -0.19555580042784898 0.20522610172408928
-0.8479778547782643 0.8389242701125621 -0.048531623272233815
0.06644229917147007 -0.8426077132056916 -0.7581688083621685
-0.23656499761734573 -0.516092761842732 0.05648439026883886
0.4466082583074158 -0.8829345999752936 1.3021206668426921
0.7701176397274843 -1.1657055769931146 0.797667683614153
-0.0623897968917279 -0.3543966662168177 0.2042384257122224
-0.6986146196108948 -0.7162265616855512 0.02755896250124721
0.08134058381635584 0.8345791945897588 0.4004185023206935
0.37177297483302973 -0.8744941177555062 0.852775257763863
0.7055458703146584 -0.6322583857779644 -0.7239720304345177
-0.8621242404579134 0.8248775586260908 0.6258012134115956
0.2784118045995023 -0.9713624026488841 0.8270898988387201
-0.6107699909282289 -0.04258767942918823 -0.006691066189841444
0.5714646002426883 -0.7220793734005204 -0.6291373872918733
-0.3193481048263513 0.7162192889775367 0.3613948200956858
-0.34960625874594037 1.086061134488223 0.8053088743585026
0.6227379450226521 -0.9978200530941868 0.8660536584054805
0.3077781580583626 -0.8322386611064299 0.8499044966789324
0.10381765312141433 -0.461272601903097 -0.08692062122900701
0.6862937580165862 -0.5964277890439091 -0.6732213957292179
0.0611562659213008 0.9271388128340485 0.5739031526353436
-0.2105644595728883 -0.2525919182894566 0.3869071591996436
0.2982170486995569 -0.5809385517620437 -0.569302328171809
-0.5275077575785276 0.5570885579550341 0.20976207012000517
0.5232275890805108 -0.5067587461629229 -0.8028088422094333
-0.019661067203016316 -0.4307366437820782 0.3138369005116899
0.5137246049868291 -0.7655765570746098 -0.8216913529882484
0.3855738840061682 -0.6824245327918844 -0.6625378636201635
-0.9059794614797403 0.9189281084155947 0.3768617332102474
0.3979113316808536 -1.4068409911122957 0.8401472258854994
-0.2976983942306111 -0.4900047289470281 0.05267437208684357
0.0696209131754095 -0.3316291195632203 0.3103835125915379
0.026568452927858366 -0.8429424968349428 0.969359569369344
-0.11873341895463224 -0.6847520353863408 -0.7358466925336284
-0.5486599671928116 -0.36962139327146676 0.26001865153440834
-0.3753116076071275 -0.19791421909279783 0.00772203221967286
0.2458210535165771 -0.6519936353695152 -0.7549814138028174
-0.452684143022243 0.5060616874193844 0.3694947680855279
-0.6594621377782314 0.994461056488313 0.15774746779530446
0.6146828633746494 -0.849667576495992 0.7718435250218415
-0.9445399727790407 0.4737232268206388 0.0820352308857454
-0.6692153065815385 0.6995601156294861 0.3116732110978184
-0.49692307965601057 -0.3606481766680425 0.3919003024278817
0.4131065298380931 -0.7862109661742689 0.7805316681120728
-0.47121941196572703 -0.5213938528296735 0.20393182105953359
-0.39844651280912524 -0.244015302822689 0.30452612044656063
0.2324414374172848 -0.5790333797966613 -0.42112080305779614
-0.3412446052855443 -0.7355360242704883 -0.0701723238042364
0.477627555119489 -0.6544875347897802 -0.6722748656328462
-0.7290011917654832 -0.7462163808708472 -0.08856446196325957
0.26947265332875886 -0.7420033828506346 -0.4984875717953129
-0.2667282949858357 -0.17963871107090776 0.4579299156515444
0.47538685460608854 -0.700559785087761 -0.6332742693113776
-0.3003275606682053 -0.2465707425020728 -0.12340028219118465
-0.35583936706690167 -0.590793851914338 -0.0064617539687286465
0.742330991844679 -0.7675429417388707 0.8148617949371781
-0.965142097388745 -0.8204760545909722 0.15607952342383574
-0.08371989284750583 -0.6685632694552432 0.15346654908400587
-0.8021303059881159 0.695077812677252 0.12129685882500836
0.3911443728889098 -0.26572182785864396 -0.7886315742427598
0.6485319182833102 -1.1125040008712095 0.6505940978119562
-0.07641144401917913 1.132299480501617 0.368511537507746
0.6928406755540906 -0.4937367751405906 -0.661345222857452
-1.2011951187826189 0.7054986708783683 0.17038524786707557
-0.8254886542242399 -0.2253450492250512 0.3280072958529902
0.9474842327262095 -0.5101803070808077 -0.7102671713692261
0.49063208498853356 -1.1168442764354507 1.178754533189593
-0.40342751929650983 0.7278316736609065 0.3072077792192077
-0.9383119697635629 0.3133207870138732 0.25306480193565806
-0.5833757683785976 -0.3353892816887393 0.18634511119255848
0.4052599045899174 -0.25970041706114483 -0.8703535957055812
-0.9251462093498669 0.5901779054676222 0.068405807263889
-0.49452420816064796 0.6802525791621258 0.5475967919301697
-0.5689719362853365 -0.48326160722222744 0.45441847517673095
-0.4213857471720501 -0.26126927513141407 0.05437653967148648
-0.6084720770878151 0.8877555107013282 0.2825551245847123
-0.5246377854136465 1.0085269748148733 0.6760772464449037
-0.23874044088184293 1.030861152177241 0.489206849187616
-0.33758044368578705 0.9421931583253258 0.5758097241457157
-0.14059447682158083 -0.4905382790893849 -0.7584455560475128
-0.05569231107518044 -0.6758468399575565 0.2818763494801004
-0.9193808399610822 0.8620795584940626 0.3996918033377427
-0.4305613501964107 1.068387696665918 0.5233001604886043
0.13344496688734153 -0.7772994132532604 -0.7831452289213152
0.182093898439255 -0.4586954392098497 0.21475715329223932
-0.4285549106537369 -0.6519938101822161 0.45308162929513884
0.05735443707836152 0.7358499970366896 0.40321499653662474
0.0159693658675521 1.0977380881658485 0.5301279950355966
-0.6323723787580411 -0.23288164072230497 0.04620571321495055
-0.9491140817743078 -0.1157735648282544 -0.19945338437915572
0.3060135989868287 -0.4809785336990071 -1.1296322696623702
-0.5187724246121481 -0.4084934777813952 -0.1991519224167441
-1.2104232317719978 0.6177986066401652 0.3623296718396121
-0.8692334244689296 0.8883679274931869 0.21726744100765483
0.29919259166129436 -0.43849730806878207 -0.49482655773567663
-0.9412405066993477 0.005161732889417792 0.15935902256480527
0.12503240050867775 -0.7356613925919386 -0.77963293989387
-1.0073220981554207 0.34993165933289827 0.2815977566561787
-0.1964094354199432 -0.36770598526113674 0.045007142667237265
0.6312317682130986 -1.3386662889914887 0.9555055841277171
-0.4285138639676521 -0.42843244672998765 -0.09012624335384614
0.17692706589810195 -0.6795359027667411 -0.5850931611894868
0.7932713885931537 -0.44466514399354007 -0.09884319244640671
-0.33764982765964446 0.8329668850949524 0.11781326286969668
0.676555482457939 -0.7242786199887531 -0.9757695425830492
-0.5423543468551647 -0.49846216359284284 -0.09298597529717184
0.893963119310314 -0.681633166092059 -0.8152200481208793
0.5769675393944887 -1.0168719619199615 -0.6803889909873903
-1.290880823788702 0.8787770130164848 0.41824382355085055
0.4140388991751674 -0.8580740108475661 -0.6670638995999686
0.6196331073660932 -0.4241111142277184 -0.6494595869419998
0.9607010762819956 -0.4530930477135392 -0.17817328077004624
0.7209095593947333 -0.7084188615814908 -0.4617161794471056
0.556626469422304 -0.9394810324165718 0.9179098460301479
-0.41939668835500726 -0.28690309748785425 -0.14940323077086554
-0.3914645531419858 -0.1949524135624756 0.43923605135058763
-0.21215827390180914 -0.8011616397046747 0.193684945127658
-0.20719209909450254 1.0777808206095545 0.2621708150497887
0.43824398290923827 -0.5176918661950249 -0.8120837038347051
0.3147235767655693 -1.193039382243566 1.181381566016189
-0.9842839189024258 0.774671285625949 0.42043924391935106
-0.01732461583123958 -0.638423975106233 0.4084998811616397
-0.7003371792770767 -0.5494045861291221 0.13621080675418018
0.5944826666301487 -0.3981611511231038 -0.5903481608332315
0.5354336235042252 -0.9046361036391566 1.000658288234673
-0.6309626676833808 -0.24958725597976314 0.302638770381602
-0.6828042610079975 0.6818762828569804 0.2703500273063893
0.38237812891664286 -0.9240914019700273 -0.6125463843750039
-0.22218705799517172 -0.34146542996065393 0.18553752571608878
0.17947273327533916 -0.6819659922096954 -0.8289049800195007
-0.8737256125447999 0.7664517385579566 0.15720071801641336
0.7817859248247053 -0.4853905973182776 -0.7897609668999341
-0.30272549125305315 0.7864867712971524 0.37968823955483344
0.4769703897260528 -0.9056513154456255 1.107332244995663
0.02185754257814604 1.4092611560736987 0.39908969205703154
-0.35387160197687956 -0.308585917059968 0.1997390328256458
-0.2521386930163237 -0.14369076011954096 -0.004007685165164976
0.15147375808335478 -0.5251899374904059 -0.8760937142411752
-0.051441572994053386 -0.001388538796078309 -0.12516035441089257
-0.21116386387600777 -0.3378087167879628 0.3521147164652735
0.5229708230101986 -0.7749277460793917 -0.7890363336157997
0.38391629692418683 -0.603625734332675 -0.6068874406995189
-1.0727065311722117 0.7970014441316663 0.4520703769839243
0.0038269617226361907 0.8430380786547083 -0.06704732588988382
0.031600214190326104 -0.7969965589814958 -1.1885628636600378
-0.037680053485727366 0.7096269935344766 0.7403888044571989
-0.07021326418010654 0.9052286790322622 0.35710459288810914
-0.21199086251293686 -0.35112866977103485 0.3999424580531603
0.5375713757488146 -0.696599234144774 0.6893019018508895
0.33395892433225416 -1.0322758545993937 0.7984683528803531
-0.21893419630487762 -0.25636367389435094 0.46847642915950455
0.03405588658310407 -0.424809417458695 -1.0386323687152377
0.474497632652293 -0.48624212914535975 -1.0144545752132985
-0.5848060265601187 0.7750783764355724 0.2555461328254049
-0.1497654872436361 -0.5878158096664784 0.4704692358626177
-0.4703889360186067 0.969613052531623 0.4467051822564875
0.3149826720862017 -0.7516584212451949 -0.7518223635408633
-0.6086190633013744 0.9728895212071591 0.38108152254483185
-0.8302825307907087 1.0242510122265747 -0.1348321642659705
-0.4298946554498072 -0.5024314602324125 0.4308708371282726
0.7704989551500905 -0.47758338810160406 -1.0002116513187436
-0.9132748923592859 -0.35016055811404123 0.33291694586080095
0.15223338947424198 -0.26071620143097607 0.2858240412192995
0.4902033547832818 -0.8276127453744695 -0.8093579108555974
0.00369276128683263 -0.29045251394104465 0.00022215474207970543
0.17134376601797535 1.0387983153730265 0.47818236675075937
0.8991033553238172 -0.9428323352965664 1.0094009275889657
-0.29759704300969136 -0.4473427594766892 0.41002004318097185
0.5653054058041718 -0.8401451767696733 0.7690723973870063
0.10656810668678483 -0.5613743923564339 -0.9933213316671441
-0.03943506053279977 0.9117007847157594 0.6384773151549008
-0.4584857376083714 0.8862678638141952 0.6585805903739677
0.3030882003122746 -1.0409727432288784 0.8072769499514026
-0.344306902662394 -0.4035733123592469 0.14047189719295178
-0.155533602930797 -0.3877597044346418 0.08781760485841633
-0.22403398577967062 1.0178531717624402 0.6415375755414816
0.8749074008226263 -0.7481120229276089 -0.5506874730910996
0.5162584286472467 -0.7347223393598841 -0.3020534873493803
0.09534545289407823 -1.18488503493229 -0.5040454572980619
-0.2348800197971121 0.7228045580939877 0.39702443414386346
0.48601875698315955 -0.709203817609958 -0.6773370731484478
0.46209192915151587 -0.9143259475416661 -1.015890212860406
0.5167252365749182 -0.893576077239058 0.9458820358228571
0.5198314860086292 -0.5272275287774063 -1.1202991150681512
-0.26410832607125834 -0.4507860165459463 0.5304767776511939
-0.29083070531945665 0.7130265102252262 0.015587341957298051
0.7160000123433172 -0.37758794477184715 -0.906639218564193
-0.3259948280609213 -0.13059472367104735 0.1316905386180592
-0.6908297834509551 0.6363259180107002 0.22779056295977415
-1.113224501410289 0.7094342314882766 0.3288835239471328
0.12771435113470542 -0.6482510465358686 -0.9748839527593638
0.5176966896543911 -0.9480333277192365 0.5793379228251452
0.8589954602845462 -1.0180344568743747 0.9651095088886811
-0.8703330684885993 0.7718654895843468 0.2920757104703667
0.20672041101882221 -0.4433285289968355 -0.8246973173536193
0.5551973472354456 -0.5539643399486129 -0.6633037814088225
-0.47758685922456584 -0.7282584282868776 0.1696737909682262
0.46827772222217245 -1.2389326034633839 1.0837871624982667
-0.4205112676972751 -0.1965295736433343 0.06022561006328897
-0.5371300496904726 -0.50539225411055 0.16320890831939533
0.46557935233410014 -0.8647182768879806 -0.5732175674872596
-0.755863142796789 -0.5200669746706361 0.38981707734862264
-0.957737099028047 0.7732621707680195 -0.00408522588761398
-0.4052759122039268 1.0771633224580115 0.4160689819840483
-0.5049536478109183 0.03676110962129092 -0.10060771625176734
-0.13665026023991741 1.0955333768224744 0.6123804869287033
0.45290233424170623 -0.7401681697644861 -0.661014015163657
0.8447124243383419 -0.39482793414309103 -0.5934598987914705
0.24356408784199127 -1.4193704093173385 0.8508305522990544
-0.523449326696126 -0.5077447231709279 0.05484907468658287
0.1339802559745159 -1.1937251167617384 0.8342643314748008
0.9119096459905491 -0.6393401748323257 -0.7156824975501823
0.33217306214342823 -0.7109315230117317 -0.657003634608491
-1.103988632230938 0.5900925665977628 0.08491720757387386
0.5850629111602935 -0.7059011331257601 -0.9118902202091692
0.6196454014089272 -0.42619454138443036 0.8807114562946788
0.32586322407196316 -1.0460417089383711 0.9963284095453473
-0.24849046049062995 1.087615429614648 0.35935026490538824
-0.7646774118037599 -0.4779630819138499 0.016848701807696
-0.10634657156314065 -0.552537362058183 0.241089308899871
-0.007505602909252951 0.9466862667196073 0.6334681701381379
-0.16967442529528937 0.8150401724981579 0.8359812849201962
-0.22225290280782672 -0.44675369661334957 0.24960587964637876
-0.7331676235881528 0.5067868474496091 0.31508550109176486
-0.671980860381663 -0.524176378435828 -0.009442993595473029
0.6399617223628176 -0.8098401004139962 -0.6390444299188304
-0.8498940171931971 0.5923291169088687 0.4201629964897099
0.816673001625233 -0.49901406612558147 -0.5090308004214329
-0.9470523493509064 0.5841858099563298 0.19937221720842385
-0.3732820721418091 -0.8819330030722783 0.3320742073120224
0.3015455945939018 -0.922607709366183 0.7726672773198069
-0.5589721700303479 -0.3819232248846152 0.1158816359161788
0.184334494620906 -0.49047492670106796 -0.6076822320645526
0.0234526644046803 0.9365392716107989 0.40213017433389464
0.6393255662651632 -1.08868412702358 1.129384864891432
-0.5967964658255906 0.8452328891285236 0.27334014942128815
0.11724069635740961 -0.588015195092705 -0.5814919374534845
-0.06984163335990036 -0.3108615493564038 0.031168383023168267
0.3362691745633811 -0.9001280782819462 -1.3841727250796114
-0.6553827489444221 0.7128172511263798 0.7447796313546688
-0.7723252558627728 -0.6083537922853895 0.1434272269341622
0.18123381365227467 -0.7810527555959377 -0.5107074768137838
0.00895960054762246 0.7279993816099217 0.5875160527250392
-0.48143283663727804 0.6012749341783975 0.4969924432446779
0.07692323261479628 -0.5359125001880549 -0.4667451383619061
-0.3728869979262684 -0.5604511212980903 0.17136477590911356
-0.25480819048518466 0.714910281507616 0.2049993887268382
0.33962141080852665 -0.6813093325359456 -0.5914249085079949
-0.9481868741797372 -0.20630303851853132 0.18063314877437728
-0.6596083813969611 -0.3561645554205146 -0.4874447461590228
0.07274606777381651 -0.7715913259169813 -0.9457004352790597
0.4102307039994132 -0.6640415853377131 -0.5246712557848807
-0.5400417567996916 0.7326012301162843 0.3953476362965766
0.5366405974799874 -1.100637753741336 0.8377324938385953
0.24424736942509045 -0.6374116176075496 -0.35873151079160004
0.5215386799516163 -1.0019547866465957 -0.6732183665128811
0.8192895940015281 -0.26905702972755385 -0.45210052860372973
-0.16250495893192873 1.1110325616188228 0.3382739341276689
-0.6846823283273299 0.6769725235905948 0.19715221420952017
-0.6539488300108581 0.6721714876775985 0.1471653787853316
0.436474013129993 -1.1850362897067837 0.5872532075554495
-0.42154957090435086 -0.20400348963997156 0.17623517137964195
-0.5249796275946048 -0.42221236987209587 0.3269643454749948
-0.41680256834496254 -0.1924090202643084 0.21272743194324528
-0.46106956073636635 -0.6593485990017532 0.17603815498204475
-0.04829383543065166 -0.21313437043500766 -0.7501558122510334
0.454711961163992 -0.776890230764255 -0.7734925478174898
0.268973465727524 -0.9421615972097466 1.1160766606105423
-0.7202822364883911 0.4344736796200091 0.20715844317213444
0.44982419408714025 -1.1970890392659563 0.9523567837013633
-0.3788983039472451 -0.029703205784022912 -0.05649477818645787
-0.6746864848299069 -0.26579046751268126 -0.20436617805864526
-0.6384227636695707 0.5825164434240443 0.24729857422423107
-0.47112197718587034 -0.4454438391402967 0.270905816525004
-0.6883314188773056 -0.2033762853163881 0.14874584438406296
0.6004150761893903 -0.6767174104073633 1.182715531105458
-0.1006662057014314 -0.5999525400346974 0.018086507880372915
-0.3929453538907718 0.5438942904334759 0.21987386276643928
-0.8209560768526316 0.7319355320658336 0.28513838636237526
-0.4670490101939145 -0.5949802956404056 -0.2735604269908696
0.7678938162560811 -0.4321901296918695 -0.5520741033661822
-0.09015715203002331 1.0241968811149171 0.7355640412428078
-0.3648508277047338 -0.8576464667903045 0.2666982025290352
0.1775331646100437 -0.9668487139397057 1.1734632486873615
0.002252001650977248 -0.09806716161341322 0.21047713247002556
-0.5770371514936876 0.2825331459386825 0.06563155741619306
0.59252301375433 -0.9360780629990834 -0.7073475224084563
0.13429573252037452 -0.36110423811783077 0.2709893619167455
0.16440983678413396 -0.687822895603692 -0.6563597631369212
0.5746825908189206 -0.6511860487340955 -0.667991870811655
-0.5513853695446049 -0.6566174964174059 -0.06063137587462658
0.25564660894976154 -0.6990687464389846 0.7436362157319291
0.5357713958711484 -0.039699803915769216 -0.7334803008039332
-0.10787610297746021 -0.19385019063434078 0.3335689183564047
-0.6505722262162432 0.8460404928011013 0.3221488461427164
-0.2335415672449097 -0.13171831589370997 0.10071570181509179
0.15901040361141464 -0.6764679185102677 -1.1445714573357544
0.6326164392704847 -0.8578554622776531 -0.3936867837486704
-0.7877203541814516 0.658287617830411 0.03551822603056423
-0.2832708395847792 0.794698852051335 0.4628823111587849
-0.37536719528653084 0.8303308846365604 0.6543901023921491
-0.3540068947237657 0.78137784279865 0.653475847832138
0.4282040439475372 -0.9010998153583507 -0.38185257626605096
0.5817151747845746 -0.9602395711933422 1.202301428672515
0.8447782758304927 -0.1831835242112383 -0.41087841695084715
0.01694532495718354 -0.765354845824803 0.4462869229209453
-1.1622320431012032 0.5646747933262933 0.3063629075932594
0.4714538889706243 -0.7989311607075655 0.8117210173701518
0.3567266731146701 -0.601825114551827 -0.620570846266097
-0.030511377323903327 -0.6344141859744747 -0.13125547462978449
-0.7732181203755052 0.7256149861681271 0.012160386866070655
-0.29902892134985626 -0.5267935272291243 0.46795292145815104
0.9223501596312715 -0.4811260779020916 -0.46722976269240846
0.3388498121416961 -0.8909281146446271 0.8106654341966749
-0.9608011520530262 0.8251467481345622 0.11451258223495847
-0.394799209069709 -0.5099688202459476 0.1308083587121593
0.07817229766172981 -0.013531898217986726 0.41705788196654825
0.23143580911024586 -0.5208496394451462 -0.8661796278178102
-0.2368678795365558 -0.17458230822503915 0.1041920622913657
0.6209965192718708 -0.2843175340908149 -0.6357332402207934
-0.23665856901409854 -1.0386566023652595 -0.7969954063193765
0.15056154125463633 -0.822777935549299 1.1713826727287906
-0.5952588048804482 -0.7126085320247338 -0.038288326909770035
-0.8088371879956593 0.5808723881702085 -0.06942421585825292
-0.1957927307277935 0.9571732198139645 -0.026465036640336503
-0.00993517794956017 0.662096518977128 0.6181235495274324
-0.6258814699885262 0.6800723065588458 0.22633001524427782
-0.14938748623376286 -0.484069183274108 0.3220142136202208
0.5704329539752558 -1.338023979669853 0.9738793767564675
1.0859257618424456 -0.7979326640561901 -0.39198995508203616
-0.8068791861435621 -0.5285567536528057 0.019201772262479738
0.11245536679914292 -0.7100604248911322 0.9192150640445454
0.25270806227029186 -1.3776551369411505 1.057631093805162
0.24736575490880292 -0.9159136047464682 -0.9562999908875343
0.6721828490925509 -0.4850561805776674 -0.7761118711022997
0.253268438351415 -1.2361536880070672 -0.7797348147161945
-0.8988539705861425 -0.3760207703334786 0.35223245819503135
-0.940495703281889 -0.43449758511094017 0.10487155312953335
0.03794799609108718 1.078641324869063 0.4365723194144396
-0.8244263569230619 -0.8533522603378977 0.08092358434476582
-0.8566192456684345 -0.59393449124044 0.12482766629230056
-0.6821286107078848 1.0386900517980533 0.07239175850568172
0.08678781372467208 -0.4951926553720546 -0.49329946982356987
-0.0034346099186009504 -0.5859034411986623 -0.7196312573416345
-0.37953404318634953 -0.6151078557880093 0.41035227910788574
0.2898266789235813 -0.6399581715781177 -0.6269000952521431
-0.5083766972692372 -0.6203678003592662 0.06097093415507894
-1.0139153826055998 0.8382909181309589 -0.30291370323408007
-0.8393762321719442 0.7644475329496395 0.014784413719653056
0.21372794262463274 -0.7854417238993565 -0.6072468475917336
-0.2286730999836707 -0.5400806487794378 0.4340848008978798
-0.6031098926578996 -0.3714114951792922 0.1670591937604642
-0.6017800640112442 -0.3589666311116454 0.05778867378164525
0.02035378001047622 -0.6305744668702674 -0.6549720833034793
-0.47989750667081316 -0.7350743332425768 0.10648659196255916
-0.42214721002692385 -0.39142641524341554 -0.20992086111249958
-0.8456504113264072 -0.6311721912303562 0.22223219511379377
0.544482643023021 -0.7139055939631287 0.8231481098785189
-0.11103689956273467 -0.18526196211763496 0.06145436561732043
-0.31784002186405613 -0.5605513561972413 0.3121029907237651
-1.030814858559161 0.6615307632602729 0.2929375902354528
-0.18842806608568552 0.8388238711765442 0.14416318911531367
-0.6002599492214186 -0.4693958226869643 0.3676938442453792
-0.07643159340250757 -0.4285813664613915 0.3206815257511853
-0.02638422534567078 0.6131894607206325 0.4394056223125192
0.07211838234319315 -0.7643447635888793 -0.7707012070911347
-0.6505421304029212 -0.07786756229699426 0.30758648770340974
-0.910015970217551 0.5253613186434438 0.1642311460499417
-0.06989537031396317 0.7806477383229266 0.5248777075969807
0.014101369997565172 1.0483288257958414 0.27308843123052606
-0.6912396698407751 0.7938764426400807 0.11244585796445843
-0.5214367508366268 0.8039374372882241 0.28088265376315313
0.03421715373637546 -0.7997678177618983 -0.9748287331740995
-0.9343699132637938 0.8107691974900443 0.16445068592952256
-0.9184397514029846 0.5947203535298158 0.6966859159409496
-0.14104141886206722 -0.7946951033547647 0.1449454157560576
-0.25802352848296506 -0.6202048867234613 0.3639430546588336
-0.13969540259848195 1.1102007350035639 0.5692775158897494
0.28683925135360344 -1.5364852524469401 0.9984735671506892
0.04441196278065079 1.041477203492316 0.43752799483431765
-0.5289684671628911 -0.5158539513235331 0.29269478975401597
0.8106222410442266 -0.6729611780898971 -0.430865758518044
0.4459679736902577 -0.6284756959422443 -0.3496655816207651
