-0.02762878224356098 0.6368234973008604 -0.15837326061745893
-0.3914748517540935 0.32925085913310415 -0.7081915945812397
0.2294122924161308 -0.3903899441392519 -0.48835023468902555
-1.1554447174587394 -0.9026815812598544 -0.12241567019580121
-0.30835034256570104 -0.7028793889133387 0.46098699474688426
-0.5138986497721397 -0.647388978552609 0.05471930503786798
-0.35671333870685473 0.004562375803058183 -0.45500270085764516
-0.633223508184674 0.7133439357384864 0.22026751587619633
-0.6245880236723432 -0.1746241533082246 -0.20909120483813692
0.2630170884622032 -0.6324573425616199 -0.682846473765867
0.15157188184957426 0.8296137449710096 -0.4155047186575188
-0.8538295467495345 -0.4234021277557652 0.1658782217134161
-0.41797103542086056 -0.7557238099372549 0.6534306651222451
0.6782700470254435 -0.5306578054917391 -0.6576773031823779
-1.1427025630609642 0.7769132328474968 0.03437009859487514
-0.05438266678652677 0.11855068984464832 -1.081844483029511
-0.6315240398890867 -0.3665174527852697 0.13069762285722314
-0.1327660316247374 0.3845683565940312 -0.7999031365788261
0.3687330130228789 -0.9898210215784408 1.0498541047023
0.14245188966165817 0.43475884242632823 -0.5644355195188917
0.16960562717080416 -0.7884531767518581 -0.6753847382097777
-0.8022189617400816 0.9234074140603963 0.33725480985205847
-0.6854842825245645 -0.687613637161699 0.04046700366564079
-0.03980134051712041 0.815565285070396 -0.7862098157311892
0.09228398014804787 -0.39998934981664647 -0.4761930354292432
-0.5121343778124912 0.40895956562390834 0.06887503272631756
-0.16450414380402195 -0.3774224979712272 0.27366949955735465
0.16899535226876533 0.40442182854109915 -0.6405510761395296
-0.5626395709349006 -0.2692642666648275 -0.05444284810369493
-0.30609245075081964 0.5654146494023704 -0.7222974083517324
-0.3717252549904608 0.9352848915455123 -1.0306780734202352
-0.9706313577067319 0.5375829241168635 0.5787689039897523
-0.12167361291435125 0.8212435628318485 -0.017341334611955306
0.15249538977595753 0.11417091106084243 -0.6436181822991035
-0.9557175045505238 0.6726089362216865 -0.9320299136038821
0.385591065017199 -0.45787707329883504 -0.8949649065364936
-1.001217870076013 -0.8154948245413169 -0.36895708417426254
-0.5578950879362354 0.6817017943550322 0.1313860250348778
-0.8811356373882124 -0.37361190481075207 -0.5650988482345681
-0.1923509075255893 0.888999891609406 -0.3981368596701077
-0.4482305469683725 0.5179887813737583 -0.951793499950691
-0.3990678411204674 0.3928316430259178 -0.7500798141165537
-0.317045429725436 -0.7788527168807948 0.235670975750705
0.1287256059690893 -0.6193885935151968 -1.035929612215857
-0.16364228506631148 -0.3424041208963216 0.2984223118707171
-0.22281362644038297 -0.8801650937340432 0.21150020398959699
-0.46942778074648117 0.5784958171381677 -0.5471764686329101
0.3523094147576158 -0.10415143463497234 -0.8069376263735363
-0.2516815017329884 0.8698103402817887 0.517640163869504
-0.9686853758553422 -0.25835730670786683 -0.49601608035829076
-0.6562340963447542 0.3362797646843341 -0.6996096308661961
-0.0937462504836245 -0.36778545050002404 -0.7022115775418901
-0.8499415461791668 -0.3412151438352008 -0.07705012762338964
-0.634035749614695 -0.6178156590604105 -0.34609252447300315
0.7817687737821684 0.9835355397155009 0.4488963680030561
-0.3899717225520869 0.6832506701944492 0.5706038010624915
-1.0375974051023424 -0.4302066897876222 -0.3793713681760872
0.4762182003637419 -0.5246571457189768 -0.6917396930678337
-1.0427573860311183 0.7767218072260424 -0.2324854148448911
0.15013005931152232 0.8456408633478488 -0.7031425616464739
-0.6571078334491909 0.6055590294179647 -0.325503033992953
-0.6453409414469199 -0.5492477903515879 -0.6730377867790529
-0.572973134333087 -0.8728597402968536 0.2003424984969685
0.007915021452376936 0.6904280860393519 -0.7429983607203123
-1.1052492687024964 -0.34877289683844814 0.09759708743326378
-0.5853664302160608 -0.463523042546326 0.14603407371502947
-0.37338733338572966 -0.6935639559631724 -0.28018735220388785
0.03492978584488929 -0.526743927172162 -0.8321792607100573
-0.6167146626002753 -0.5878773916702995 -0.28294055246322775
-0.422329298150516 -0.6795396839997274 0.4364199366954683
0.8293699685454929 0.6759060382584889 0.5528917456151713
-0.12681540014820386 0.5798174015382648 -0.45450927869588853
-0.03141794995076727 -0.36054668906977794 0.29585241682326635
-0.09938840904212673 0.876937126508736 0.407437063685838
0.1206981348691121 0.638526371168511 -0.4380569885029634
-0.542687013732109 0.3970552159769224 -1.0595668438987897
0.17590418485730772 -1.0020454027002683 -0.8621355895888518
0.39038628532047004 -1.0404341823185659 -0.715428113913299
-0.9592742514514214 0.603014138526316 0.1135685802595279
0.7593761925469992 -0.8879926108154214 0.8603103654062612
0.18117654659407512 0.4705739597353397 -0.763876628786171
-0.14140804266396298 -0.8137797266135735 0.09901408599354328
-0.5208650765072944 -0.9232607738728482 0.2889307370731623
-0.6687037711994909 -0.15519580020534982 0.12151390995272297
-0.9508073133760955 -0.6933105822535689 -0.12551243406559084
-0.08171044296476615 0.3098072078644456 -1.0586087088555696
0.23863244776586906 0.5475596428969804 -1.1606649103131563
0.023841716613844877 -0.1517945215579487 -0.6302776821282523
-0.2422840183729144 -0.34914975297401823 -0.753252530767662
0.24901935143987639 -0.6177242167687776 -1.043486306712786
0.14483479198498034 -0.5527102235635306 -1.0648108841446184
-0.3345565430008144 0.9408575461899749 -0.663966163189583
-1.1873578998941623 0.8816400256302617 0.20662180524074897
0.21648336087197934 0.7754907775376204 -0.6635851061814068
-0.6168030216595213 0.9490409854877043 0.40948571659504573
0.3707564777378266 -0.7768458345591653 1.2312080899201403
-0.04203497853967986 0.27527868788855375 -0.2074487754539852
-0.058105430052434466 0.18902215022766328 -0.8841063344550013
-0.9651060965167593 -0.6388246627687896 -0.1785206998072375
-0.9651809955340676 0.7594085322377953 0.3347506956647124
-0.43968799392078073 0.7950772255396613 0.5850690985635156
0.178668933619811 -0.6284806520430244 -0.627862528380926
0.07698511498080973 0.4737327434730337 -0.5157738147285705
0.19541424981422792 -1.1389885492695413 -0.3059518380524968
-0.6646765902736496 -0.5475780338330278 -0.17685716705670282
0.3854760071797876 -0.37778122346075177 -0.6864342440901663
0.2482941891677696 -1.0691955027126103 1.1177113362437368
0.750629874772584 -0.47446969616558954 -0.48318118546170724
-0.699179514217064 -0.24010906064179738 -0.24308883967283748
0.6813550643445575 -0.6115752811533839 -0.5779700279701697
0.3103452466443892 -0.8676682920338311 0.9242927928898839
-0.09642609613088794 -0.26608996334495805 0.30101410836251163
0.6099951150715389 -0.4580867147015021 -1.0747342919367742
-0.6375283299845368 -0.493953760784264 0.0022729139355305503
-0.42525317620381514 1.0519051468483194 0.8468394207487366
-0.20587262454190336 -0.7139756916571227 -0.27729844157675493
0.017484921208592505 0.42189188222436746 -0.42637672170621244
0.9682105461203877 1.1446148062310233 0.7636262628476354
0.2942247854550347 -0.6115365333595617 -1.2712630864592025
0.7535370228577489 -0.7158377708798938 -0.5862467312340642
-0.09122798698221764 0.6679826471772775 -0.5368340888298898
-0.5309396935281766 -0.9474875080639228 0.5127933136570819
0.07515408540400623 -0.7074391027360803 -1.0357228944730703
-0.8529564947574011 -0.22285095495060767 -0.7412675237394388
0.1986209838692967 0.07400339154248625 -1.0732234908306468
-0.29563461629409654 0.8730601792040718 0.2655501721319828
-0.057987695900606956 0.35436798356928123 -0.9027211982886156
0.10694847701247384 0.8328795718132558 -0.816640241038482
0.37087312836684044 -0.6918073131975135 0.9334295232885466
0.0485526873672788 -0.39531344785808775 0.23975341014464352
-0.10644713074815092 -0.3170274622761144 0.19846778509831398
0.05426002475272143 0.5966792530057989 -0.99776857078767
-0.8486212918026581 -0.12522724956553966 -0.4593675502411346
-0.7948975887325536 -0.37763182453540767 -0.17240579912123974
0.05200223743283114 0.6294973605050765 -0.25822524119083534
0.40104362842799124 -0.6309255159192877 -0.4337370207147706
-0.024625827999658123 0.5544904067999907 -0.6475359656969989
-0.1783752056733539 1.0893721758845094 0.8138845059247243
-1.0834764200661429 -0.6922877482366492 -0.3808237029904955
0.5726286129428463 -0.5755197867349486 -0.9442995545586147
-0.24935861717356378 -0.00797840761382862 -0.028166226325711113
0.42967805942886617 -0.9710297915887947 1.0454208101057332
0.18562118765747782 -0.5699510953191604 -0.8153974613629066
0.6348492327919806 -0.6558004703094802 -0.7369616548941483
-0.1339491942452021 0.46045474502808376 -1.1525901647789227
0.45533182970766783 -0.9932828468923388 0.9195562032177038
0.5823267972990974 -0.34434950310282897 -0.7027397569404653
0.22452823223849866 -1.0974166719361793 -0.411670262957598
0.11037368180734863 0.81295027024774 -0.3998111734779899
-0.9123191981910197 -0.4403833511885903 -0.32635839630431374
-0.19154829128944384 -0.7088615171448926 -0.575643338732643
-0.441984440335795 0.8791323782731593 -0.6806754309193781
-0.04278054245360055 0.32927117653945415 -0.9131280736991657
-0.9690905952049399 -0.2887712853516886 -0.25377920880116833
0.31638181525243625 -0.841208332435878 -1.0737904931824733
0.253547682822441 -0.46733491059751797 -1.299345337981506
-0.5125096402533285 -1.0790806658600016 0.4018541901243984
0.33328714014417066 -0.30752081259209024 -0.6381711459160351
-0.642160092406863 0.3427122083313225 0.07368379615551349
0.4483978158817853 -0.8165298724386623 -1.121910683307428
-0.07952805014947764 0.33130770199861537 -1.177948368504497
-0.005343781362772762 0.7253335058849784 -0.8729224647202316
0.7877070621540394 0.9280586196540245 0.3716449967948708
-0.027965896475125963 0.7963326104702412 -0.9855690655016105
-0.9484559534925542 0.6368800590769037 0.3228058470955858
-0.07751526841946618 0.7075289897822851 -0.7459389470457847
0.4590524370715767 0.09673365557678604 -0.7415774794477558
-0.650376397169218 -0.5926738721153595 -0.4627044435656088
0.4201521355811526 -1.0785890590492673 -1.1007730257100532
-0.5569220612387792 -0.20725886813972252 -0.3742152351743046
-0.5167739769281774 -0.6412396569724536 -0.10089385264207293
0.23292888822606844 -0.8726721795827046 -0.6965644387797445
-0.7164572796113398 0.8360186853976528 0.06361772813608127
0.06569754486113519 -1.111961477907822 -0.7097634161216825
0.06612627834113566 0.2658149218877876 -0.972038343934379
0.26025800916971503 0.8641726997420395 -0.5426134482477718
0.21759010656377514 1.007747249104152 -0.8542571549752804
-0.7483996015632172 -0.5667137716608455 -0.046124615946943365
-0.43228522484514126 0.10585391237992609 -0.39281511891746695
0.151610525478316 0.765170394634568 -0.6732962114576211
-0.5404632986321316 -0.818796182063773 0.3901473600675455
-0.3041198381531764 0.5856308251278741 -0.47716446768485044
-0.27821191738712936 0.6184251673215012 -0.6377081550812231
-0.6338511926123611 -0.7684168274515325 -0.5608939451042958
-0.23114478102594194 -0.5045989812300918 0.12527855191550857
0.17676110431665304 0.6211776586782959 -0.6718231946014264
-0.472109776439527 -0.42857366409750497 -0.07801756105130098
-0.27309693283700515 0.8479257786408549 0.3419642785091948
-0.08326464682179113 -0.35496871984393663 -0.4024506297443578
-0.7573117961714296 0.551684413395515 0.24469401026695486
0.22210407323463188 -0.3532001950637518 -0.6513308068801976
0.1431164521925531 -0.6325143827643287 -1.2517017946472846
0.19199009415203963 -0.9632318532136432 -1.1168544842595574
-0.630369574939295 -0.07360521431139488 0.029760120264129386
-0.1770126570430264 0.7753842024920283 0.5494994277823373
-1.234038474759078 0.7895717497030761 0.15937577714416004
0.13174302322807913 -0.6356671096583912 -0.24618227214768929
-0.41530801450935295 -0.4075758703593988 0.1145732818963354
0.09402901958217401 0.031176776229706604 -0.9285902100750124
-0.9299528124511436 0.13785217793600524 -0.3412806202450911
-0.34365890939550175 0.3128682550595905 -0.7879103034220545
-0.08401528622290172 0.8091260176463962 -0.858869742830044
-0.7126475859478407 -0.5711652780561616 -0.0919330472028109
0.31680439872483507 -0.6623441028577989 -0.515787257790515
-0.8334062882522366 -0.16133539565851834 0.39851927411733934
-0.12341488582172427 -0.7972497984841387 -0.6939864100811473
-0.27462955139133854 0.8566992199228654 -0.7335416699940447
0.02743897940757295 -0.45127429000139463 -1.124227790978792
-0.1962073590161046 -0.4005723403687142 0.1536942021242581
-0.947331913347975 0.8131396608007767 0.40005609444616913
-1.0521490292489304 0.628568678856346 0.07959654317259987
-0.6264347344628043 -0.43980750610456576 0.03405962614476019
-0.07884418369852128 0.6572345168255458 -0.3097752436945338
0.12588361121343306 0.9143494890947707 0.2701852378051927
0.019218209052445936 0.7951358512079002 -0.3750351300578347
0.3116805579567177 -0.9708937143486593 0.9438734917120604
-0.0870889998596714 0.52554930412968 -0.5800242608524832
0.09575882102979366 -1.0058823806757278 0.9666647949875673
-0.5661758036330319 -0.7310689097756791 0.3969811209890696
-0.20431838578059555 1.366131036569588 0.33715803068452577
-0.9260982348285902 -0.6200070695818125 -0.7908064703285609
-0.6377457752145094 -0.4225579713191516 -0.07394298513951322
-0.42135193569815355 -0.9000512820486786 -0.5806133616930881
0.19554583639883416 0.3047776339944337 -0.9002232821200701
-0.7873989882005222 -0.29485433090091284 -0.40390316203980525
-0.8576329469764776 0.8225856481207555 0.06348567868650792
-0.22554033048980596 0.3137970130997703 -0.6922103205128459
0.3084630211533073 -0.7583777811021464 -0.4149096013920234
0.5249053232790799 -0.9800863297912689 1.0858978786135118
0.32822256289274787 -1.009056642708109 -0.8182031190708369
1.0324283555009504 0.8957581603362201 0.7538708113794461
-0.425721472788921 0.7379068971053618 -0.43141083884839615
0.36650555186935074 -0.7219995493063625 -0.9804324661283645
0.9465492789370976 1.1072865546574167 0.7063505174568342
1.0531391678850133 0.9463665670790702 0.5069578972895606
-0.20619313060237704 -0.33725155778934757 0.1676609742958065
0.8111541284403786 0.9081638491243766 0.531046401325422
0.852115568272177 1.2802717170974482 0.4564697488143283
0.7040147055536529 -0.6005690043224476 -0.4916894611712662
-0.09118711922379394 -0.5252077704216828 0.2905465855389955
-0.3623964010736398 0.47989908797788533 -1.0515977911278251
-0.7134343643223308 -0.43930364043840897 -0.2887496258420645
-0.09539609894614093 0.42842547673135584 -0.9817827573380741
-0.11684538735372746 1.011061667744693 0.670058723670153
-0.6840874473892221 -0.5366634858148378 -0.3501403878437763
0.25377522387293144 -0.6853415024571249 -0.4871153840059884
0.3527163838217358 -0.887589073220577 1.1589158261104153
-0.934435219204723 0.8185487196099255 0.36636848252140064
-0.29076282112683305 0.96384323861615 0.4411046904520334
-0.0009576103521324493 0.1320254379387894 -0.9578067361123551
-0.6173768251009693 -0.6087867092611825 -0.6261810204659766
-0.31144750973477886 0.39936204733625297 -0.7345557702896335
-0.16458031873777135 0.9507015472440077 -0.7233867981511218
-0.5950782671428099 -0.270111712933548 -0.5349248979715171
0.32707961034645155 -1.1872591483741772 1.0732786257813902
-1.09399631531376 -0.2920998494086591 -0.08637290861817173
-0.1802564137952124 0.2458202015223696 -0.206125733705402
-0.37676640198314365 0.5866689716216655 -0.785353152865836
-0.9807127356965553 -0.2899856017010297 -0.18570764570094522
0.010739479576039268 -0.8113437098344126 -1.1232257729288724
-0.7708944470282685 -0.7065080681929734 -0.4512272921733241
-0.039983296867745474 0.5874445801135925 -0.8644991899564024
-0.5534685477168091 -1.0532509526456368 0.14226428910311786
-0.39467917809729774 -0.8794706745995399 0.20141597453471546
0.086619052848306 -0.5347211450445858 -0.668054018846868
0.20141406480006152 0.8643956990960071 -1.0341483180376188
-0.06608206010995099 -0.8323766678566328 -0.4372648861578407
-0.5119313479470284 -0.40789398361739504 -0.2044499032110215
-0.2892029883285141 0.7194625076761949 -0.5329088009717323
0.2399911429332369 -1.0738906489949327 -1.4060974896670004
-0.6672759733536513 -0.311074295406239 -0.05611131513102348
-0.19400628823518556 -0.4111728802387546 0.2709019227694198
-0.13931627974331628 -0.5089869276665057 -0.9064185194123608
-0.8006094656247527 -0.25636887266924746 -0.15281934009345863
-0.8566814112956184 -0.1927904653003875 -0.07751648533075328
-0.8843555086275194 1.1089209349437632 0.36313490854662306
-0.8977014680004607 -0.34009827433953266 -0.42425843510110395
0.1548753012782871 0.9709152291877546 -0.7861539695976906
-0.18153439023109472 -0.4195352591284972 0.10803136693956407
-0.22378685024218206 -0.7564124282161603 0.4461292169645028
-0.3024725166595996 0.8517488655461132 -0.6688962856632393
-0.4090841832058688 -0.3033575347576267 -0.13539785673811758
-0.0885596355139126 -0.8588586456992156 0.48854950838124034
0.5478064988946686 -0.4473222296935825 -0.7449552044054354
-0.21431172640652923 -0.19527215669040865 0.09992369503604734
0.3424716694256465 -0.8274405836970413 0.935634148837924
0.134619051575364 0.112016631659419 -0.6076734020815254
-0.30585213244936976 0.8930415415658123 0.26848407042891487
0.24809493445726605 -0.5685912433885856 -0.7853101472990432
0.2302618300837566 1.043198885173612 -0.7161764403461301
-0.2893038181412262 -0.39160227323119123 -0.437498133922387
-0.6623958283702333 -0.6548836943384547 0.4310104258539404
0.013313331326225239 0.11446368276743381 -0.813901199064047
0.2806539815560919 0.4823486540726587 -0.37920165128285066
-0.6653057271940093 -0.5228142632429855 0.08456946839287163
0.5693448070482834 -0.48861687682901467 -0.8313126422633383
0.10007064026950208 -0.6755486570229099 -0.9530561436171807
-0.8306590802602403 -0.12413501612036631 -0.12516606184857798
0.1078610047909346 -0.6706558369488191 -0.8807463143767811
0.22854735233047974 0.4781529386165683 -0.720294246187309
-0.036942010342653576 0.6182321637525184 -0.5403429012694435
-0.09935253354521444 0.28368574415580133 -0.5992792981224322
-0.011811801677572745 1.0223209624858247 -0.5129561417445783
0.8729617030830309 0.9400382447112645 0.6746559375088644
-0.14590975733417377 -0.1468524371533042 -0.7420704103914835
-0.10615811951123377 -0.5477969113492551 0.12188103345419721
0.6722815780082003 -0.6270751437342701 -0.6962425052417324
-0.49276222362734146 -0.33967916026211137 -0.20080169345915452
-0.6918333921676618 -0.49035560581602217 0.05819315348494882
-0.6566992705087522 -0.7566376132491399 0.1808558384200288
-0.21296054954750918 -0.8755859800844471 0.5765454909253439
-0.24513490942130586 0.8825125564237533 0.4468824404349175
-0.06707941515175814 0.4535760710883332 -0.7840994291296215
-0.5502628331314035 -0.7612099191271783 0.36042919011207175
-0.14236900111548312 -0.08935020227894774 -0.40590750767228023
-0.014894591065924404 0.7952181655730887 -0.11047961764301883
0.7815955730392071 -0.41321092286467614 -0.7933460993515331
0.26108101816459617 -0.9247699575518119 -0.6144399488785726
-0.9911118807123697 0.37862196820040434 0.3690126797369439
-0.878133494669928 -0.26509140056969316 -0.4445347413287929
0.16719461793248278 0.2994915293802777 -1.0256454099195145
-0.9565697929867607 0.6837070706174302 -0.039522455074343155
0.16285116499687322 -0.13141785710401122 -0.8027633174132388
-0.463246550198903 -0.38857503392245407 -0.151619729567341
0.4229512265232084 -0.7617969006953682 -0.8878518197534317
0.06457112073102006 -0.23234037205433977 -0.5397890502726982
-0.2822447915271725 0.7525231220902562 -0.7227016849913422
0.20188270265918445 -1.0144533838523002 -0.5936316315787136
0.26868214860846973 -0.6911389193285463 -0.5161466675991274
-0.03901988952233752 -0.479286380849826 0.032495473336272895
-0.35371053320866586 0.3519995142640751 -0.9160161440970578
0.8465768316090106 0.7771021950221924 0.3149403619784869
0.1009032445498111 -0.42794035259531066 -0.9462502885838728
-0.8137130725448842 0.772040979256051 0.021464971180764014
0.0241054053720203 0.6631254356145078 -0.5886620741878938
0.12506340640628966 -0.35123268465865165 -0.6602696535122554
-0.057670830018561214 0.9572444465432588 -0.6600762168556907
0.19075549913720605 -0.7848991486514011 -0.5661975498058447
-0.8197868350570632 0.559257768195126 0.0726535952196398
-0.7170906002470158 -0.5978936232731645 -0.6508509700087313
-0.6497898055528666 -0.36393723737132583 0.018305300221971355
0.2264049576063451 0.19073968679484216 -0.2896892025367019
0.9499739535970699 0.9921450921912067 0.6843945760866377
0.7568680326156099 -0.5439355822964342 -0.8045320980991217
0.6753588114646565 -0.7501764771392003 -0.7620840956286832
-0.4978244704289778 0.4515917218788462 0.03845505313757844
0.10533821608506959 -0.23958602004726542 -0.9930083326120704
0.042910287197147984 -0.9725264683593549 -1.2376240033263406
0.9006229181041143 -0.4815379484867833 -0.7203610734441326
0.3574325873611318 -0.369299787747413 -0.5368985299919846
-0.23746651540181823 0.6274960546655015 -0.1501112335754191
-0.42937513095166485 -0.5589601541773002 -0.2219971858598514
-0.2711943849411665 -0.22926039016446276 -0.11891902011421432
-0.5410529559780687 -0.054084718942919274 -0.39593670071715337
-0.09386699608607914 0.1602852629796982 -1.0087920364313039
0.6430740027571342 -0.7052119332906179 -1.0247857327848622
-0.36490116436362857 0.519030149914002 -0.01711154065152054
-0.9536967987009421 0.9832635473679259 0.14068224998454773
-0.4803092454476563 -0.7573337137482797 0.30349311965791803
-0.8132198360940514 -0.31526788228992025 -0.3153040765929766
-0.06813600741630099 0.5761366035605692 -1.0138821101430016
0.24194706984890063 -0.9452004959196473 0.7194987326199892
-0.05728247115526067 1.0932911016510165 0.3426355788294079
0.20975534389055564 -0.9666597548804636 1.0504788404471193
-0.6076278202596224 -0.10956459352302794 0.1385728271621448
-0.08138836891006807 -0.5092577001235198 0.22061702588760093
0.6783837536828123 -0.5340647389790354 -0.8293185252172145
0.0844129777979749 -0.4831376623519875 -0.7396356707078878
0.13061480490937746 -0.5144998626281304 -0.5555439978371981
-0.18182018222115687 1.0610267335938657 0.4994185883165655
-0.21245062961403977 0.8185240575142252 -0.46419814204277676
-0.9394679499480181 0.7669624169293022 0.34664549329447103
-0.38511285216093677 0.5065389372604638 -0.5924713127981036
-0.13414784489621417 0.925520601872257 0.296305279455707
0.5951256574396443 -0.39373334016774914 -0.5091632613604626
0.14838288478125478 0.5137867049925893 -0.4116391051636189
0.26490269369887787 0.46899942088258256 -0.6908752905394323
-0.705340929474198 -0.3935490285800606 0.16325583800862586
-0.5397837832492953 -0.23954953968960938 0.26882952739518207
0.736225240621388 -0.5706200573310731 -0.5140329705266531
0.056148221759752044 0.35126084753654846 -0.8346267887705787
0.5998267974451578 -0.47096718771479235 -0.54957356316871
-0.5011141316993248 -0.2639279277336591 0.0605134081669097
0.49183089537853714 -0.4986550870226494 -0.33455103440167167
-0.14843634740159994 0.8721927689079702 0.40516536380413637
0.9001164888290993 0.7458348062525357 0.7183717851400486
0.2894146673554979 -1.1845851554720428 1.1784053778363082
0.6480737920383142 -0.6126617054811047 -0.7537070862870113
0.3300106912295949 0.5434621398213001 -0.7744133507207154
0.0819367487028294 -1.0739202648899182 -0.6109046391776691
0.21297132520843334 -0.994082405701769 0.7876630544766092
0.9836651157869538 0.6586962253350452 0.7290876334269784
-0.8636326107676081 0.6750306292167517 0.16440497541930596
0.4028724157543394 -0.5029338988455481 -1.155962171877368
-0.6476949501625406 -0.3448858483195244 -0.46559678687103495
-1.1992888849906727 -0.17161471456403798 0.008735970708221852
0.5682982179953497 -0.3235265618899188 -1.4525605049161658
-0.1215521763447079 0.577899619588566 -0.4485005750940954
0.09200018530449847 -0.5232756531312359 -1.1296117614761612
-1.3524419370965384 -0.39972150620183045 -0.36020453923584184
-0.14518625793153253 0.7429871956411097 0.35714656822194324
0.9285053966134578 0.7930717272441091 0.46525738949539586
0.14202476332743436 -0.7762390101318695 -0.7087397524500167
0.7706522384583994 0.8425532368919524 0.5288068981026107
0.25879414600507117 -0.6177879637857747 -0.9672471997869906
-0.1887519090163048 -1.1678344633298852 -0.7353158084302094
0.07208680138295617 0.38903467829575933 -0.5405346233507288
0.01213679609883337 0.2389348140733487 -0.9224476024555902
-0.7969699906924703 -0.02368450425001123 -0.3987958214656063
-0.4104511527016371 0.4081234524679025 -0.5533793122235175
-0.1443809523637365 0.7909367360062445 0.6547052496917333
-0.004050359798441025 0.3334788890425836 -0.7571999437386722
0.04246379108301093 0.5718045624216397 -0.5343884244732026
0.21546907073048233 0.5327004429268164 -0.7790908997509433
-0.28097795205896586 -0.9674764888919369 0.47662639325075873
-0.7057880289944165 -0.4566300499279107 0.08084314818906402
0.12629424459049124 0.6991125911050742 -0.4217378744938078
0.3391309302023608 -0.6478847592881385 -0.8220119891682335
-0.19666558976608525 0.7579986362449713 -0.5516586772171299
-0.14290868831791753 0.05338824117702912 -0.4876440995368383
-0.4825421679091433 -1.1228349929591945 0.5350086803911227
-0.7335407293505016 0.6926828470194528 0.4085769393859584
0.2190415898308366 -0.6806406902626531 -0.47783687429952815
-0.4929034663811247 -0.2908289566557116 0.30489420378680143
-0.6784376881553178 -0.15746971614136224 -0.3160126155198562
0.3985224918546204 -0.8911664507827256 0.7974191252927851
-0.7362731350634153 -0.5996753152602724 -0.24643954566430587
0.16773557461324134 -0.6447737114575024 -1.1564838050381372
-0.08586896090409553 0.8212793037386966 -0.05378022833972895
-0.10861843243912145 0.5201646318978111 -0.9086880181369887
-0.721399905154892 -0.5119211734163451 -0.15128324268175183
-0.2535384745316607 0.06293345585113164 -0.40975466052831655
0.3081961963813053 -0.7774856398649369 0.8203329472695395
-0.39168965473157247 0.8791387205742539 0.3904510784533155
-1.2807704357992284 0.8409365447165201 0.264124191947144
-0.6421190921241782 -0.3242444719427808 -0.08636461006708096
-0.27196186447170256 -0.6786828546622465 0.39273199465986
-0.08690926253513129 0.16377208429563117 -0.7331368780489028
-0.8643717340814758 -0.327339976442397 -0.2369000605621877
0.04584734195409709 -0.5003611177304925 0.24765353561534859
0.593342020303874 -0.309802529730101 -0.7662348177532453
-0.2869027077393643 0.6551003441133388 -0.7901504913129489
-0.5319596168811359 -0.4816201895661504 0.08747300095071824
-0.44232567629823755 0.4768468018109722 0.17866977065229955
0.4371061071022051 -0.611376902682262 0.7901391820620658
0.8508868459380615 1.001323560217804 0.655298720847954
0.12803913324571947 0.715262730116689 -0.7157182860791114
-0.6555965355217965 -0.12885837038166215 -0.34333228370557006
0.12983645088160956 0.027331190780782527 -0.814492936778808
0.09234477747997377 -0.6431630143296686 -0.49703001650871226
-0.823827300561581 -0.21410995100768668 0.1613346425783116
-0.3927451497987376 -0.40307674903106216 -0.2246520046525089
0.4881520143789895 -1.1058989938557853 1.0654857393170016
-0.10424693326117937 1.0657748743860345 -0.2084577846575683
0.863749415708497 1.0390509437028135 0.6132415447991302
-0.12575345237741287 -0.48204264669829505 -0.8676372674013642
0.25487944013590313 -0.7105719989196287 -0.7297764643282071
0.9426139247076836 0.9653176115634894 0.45363068882955965
0.06423076400244199 -0.3212451666925032 0.2544678649898641
-1.0257909315257205 -0.38628039858433616 -0.021632947505672295
0.3209007976043625 -1.0572992196813493 0.9531701334605562
-0.3074807407029457 0.21721798193077646 -1.036614464841505
-0.0821316175986806 -0.710647292439403 -1.1185236664697356
-0.16744318223897395 -0.7845856120765902 0.2661488539074336
0.9265649855328577 0.934030522972647 0.7320699029750128
-0.9434488041425585 -0.591782629977361 -0.3269965003792659
0.37496950366861376 -0.9459436383090635 0.9640254792174088
-0.7245171632603135 -0.3902996310071862 -0.5500329112856024
-0.778257994068478 -0.39319999351624213 -0.2080359594846059
0.7192351918797777 -0.4669608132529006 -0.7214057114520183
-0.5207781187885507 -0.5236596500896152 -0.48878692699553494
-0.6325783739317256 -0.2448106804407612 -0.21768425163660987
-0.01574959968838291 1.0218092342943876 0.46524797446580113
0.4467410808139785 -0.9335894628270156 -0.8453192659699154
0.9174154313536914 1.0307500031365375 0.39071616418934585
-0.4653408802831468 -0.6299884676577632 0.33662997071051015
-0.6571552038232881 -0.1967110923498402 -0.3273919804799984
-0.5116216028563232 -0.6191220419444823 0.03615654601884388
-0.32350137942669455 0.5148866968372007 -0.4952313186171694
-0.3645890564725395 -0.7336883042298871 0.336950609388791
-0.15200701411147155 -0.030336560938894586 -0.4945938707553058
-0.09911673727314482 0.8575352935183869 -0.2425669278789051
-0.43010775654417444 -0.7181800394552952 0.20766377101862707
0.032462516548692255 0.16103478298937746 -0.8801967677462512
0.22221901203221503 -0.8802768356745139 0.7337728436424942
-0.31053332116479127 0.8105932915440857 0.46453044417345746
0.5009456548344379 -0.5290669233786937 -0.6123477918172942
-0.4362610744949378 -0.781275709883195 0.3762276134634933
0.3672174962813889 -0.9682395554662341 1.005434427058962
-0.8772096654294295 -0.2087481789389592 -0.26903701314380046
-0.5304626784978634 -0.4231833214051386 -0.31085473967130356
-0.14705218230694306 0.5046072218408577 -1.0595802541935357
-0.0883548500055184 0.7776555587628399 0.5790226923927633
0.1853433143934352 -0.631986506232993 -0.6227641982740262
-0.07257026949427876 -0.28856606676637875 0.19756579694924667
-0.406709869890395 0.9199529128459738 0.544204404734267
-0.5062268121929504 -0.2618918236768847 0.13202413049696837
0.18971555892976288 0.2745003757193944 -1.0078749815769092
0.40133033711497024 -0.41467211972566054 -0.6065904252412384
0.4890253816014287 -0.6625848413805487 -0.5569842713877634
0.03544356171132811 0.12085268497967162 -1.007346367720594
0.02098128300657425 0.23024745444306874 -0.9605724993159637
0.07394839379146126 0.26224228388602144 -1.0072428822105124
0.048072040778434105 -0.407567946131777 -1.156281368529171
0.16876674839128977 -0.7038479979030203 -0.7489142919110349
-0.18702557152140759 0.6909829349931751 -0.6933000664513935
0.4027609624461899 -0.37450237571274725 -0.6098883571304096
0.7444759320855909 -0.47046868479268766 -0.601988206632277
-0.154999631494216 -0.36223439195986823 0.22033713675388733
0.43754136421698625 -1.0504379633699923 0.9600032477054676
-0.2670199990789893 0.6096155681383875 -0.5599663319716816
-0.8768648329853018 -0.4482234716784375 -0.08339247072493014
-0.3824494850035588 0.797916088101143 0.3082148979028011
-0.41988409717436515 0.7009128430980296 -0.804753432208541
-0.43782258956094394 -0.3709682281818703 0.2199689607616661
0.12600497060473306 0.8921830203240623 -0.4829078097565854
-0.18100204547674806 -0.41079186601641526 0.24346238846199714
0.7204229632815343 -0.637608828285776 -0.6859469702184459
0.4813088886254362 -1.1940182223199116 -1.2200653118090816
-0.5464606278022396 -1.0648350704703142 0.5369756760112652
-0.16377541253442718 0.08153281620850195 -0.6420021902191585
-0.4289578482417002 -0.6314370376171883 -0.8429505607987957
-0.43059017619854595 0.14040734301777302 0.03217763741626986
0.628476030279397 -1.0945390783477629 1.0088117761955187
0.28900121327051054 -0.9271060603114274 0.973992248943111
-0.29138266949737224 -0.44789531816163597 0.09439125708014315
0.1443780672584284 -0.33660253676791085 -0.6278951952942826
0.7532953652567614 -0.6703901577839804 -0.7204409453905842
0.10567835572475216 0.29598700343728174 -0.7136285747166655
0.35044159602102376 -0.2985225623879039 -0.6738649163132658
-0.7022155067943698 -0.10894818793702571 -0.45457112356989915
-0.08683754641281535 1.0804854938254786 0.34449514331918174
-0.8189034802783675 -0.41950898512206103 -0.05150125686995885
0.3081054064165151 -0.981076232376714 0.9399142250177187
0.20775342508539785 0.7164777268158544 -0.48823845902681795
-0.15458870956950838 1.0185825706187455 -0.5446636161608469
-0.17830079877513155 0.6403822700283894 -0.7670237893558344
-0.20757988525532994 1.0904712148229916 0.48817912752978615
-0.9033265088826619 0.7204091319057078 0.027571471377665635
0.039622973577113946 -0.9641693975533104 -0.7392401445559938
-0.6730918327480608 -0.5972798920757035 0.02895536338922608
-0.057454248118024326 0.8988723119581283 0.23337894671255738
0.3981093596051542 -0.8140322890422447 0.8610250630129513
0.603881478366338 -1.3183753148814703 0.6588231805789475
-0.13322961396072716 0.7633573132868829 -0.21782149953841323
-0.24930286922507025 0.34267596701984415 -0.5776862492711571
-0.2556779489151396 0.76872505954792 0.5986432877348518
-0.13644291792101026 0.34879683688367574 -0.5334870790123374
0.2126328156891304 -0.5931559222808058 -0.7114248036796008
-0.4065835981889905 -0.9210409067987788 0.24904829943521245
-0.3294381280072113 0.6078859518788734 -1.0268720742163615
-0.6282501148957265 0.6342453362141194 -0.3534851433437799
0.49034764246605067 -0.7814695943246994 -0.6440260147271673
0.20551000224220545 -1.0129625713051797 1.007384230563146
-0.12659118202499725 0.7455359940692515 -0.6702502283860251
0.6640574741458386 -0.5058456755587937 -0.7424327451692084
0.8522686754098182 0.801777593968888 0.5475941016620496
0.39599539825025853 -0.9597305584745384 0.7614712942126857
-0.014131469126763746 -0.7428845013553473 -1.067258154089688
-0.6388492386026141 -0.19065353820075473 -0.42287086216031733
-0.7523313802883775 0.936466520816416 0.13171050674865906
-0.17620544739853627 -0.3762744078054521 -0.4967984430264748
0.5986978483939527 -0.4289139069675156 -0.29609921419297935
-0.18508524740333498 0.8657344655748132 0.3847929548136837
-0.12858802457331037 1.0246676079088197 0.5680265800831348
-0.4311496794892654 -0.7005281264364766 0.4925432986523613
0.215434616554873 -0.9781449906581886 -0.5916601814776403
0.6884262564090757 -0.6002990004813524 -0.7812240864346814
-0.4190599515806658 -0.4948732102448707 -0.04761543598110585
0.022748387232033235 -0.45977072590262613 -0.6769272858518894
1.034517431951195 0.7993225413288653 0.5178404662070404
-0.20927282558859617 0.08050436626334123 -0.41749009550100985
-0.8630478611544999 -0.8734028150282802 -0.21711336242369483
-0.5931584034634279 -0.33634271924679116 -0.2752559370734571
0.14139488272794085 -0.32240718671876073 -1.1393647668737383
-0.5875921840241637 -0.438025043479817 0.27083629695933653
-0.008615177122576492 0.7925176111737673 -0.7323412938470282
0.5265627951869656 -0.8751879144556123 1.1137232208562908
0.21867271876391586 -0.5545333280044703 -0.6581475421070764
-0.7762905525180418 -0.625781060593846 -0.4979838608443249
-0.3925099100349415 -0.7193465753611654 -0.40075358874181655
-1.1617203996565901 -0.6723708866134964 -0.20550696896104081
-0.2416492201557629 -0.4578076921388326 0.08620902492315542
-0.12820112481831075 0.39295884954772103 -0.8501598949782107
0.749757316010216 0.8819414812809593 0.6599631786242951
0.4532393024651033 -0.5405284684423601 -0.7391270630288423
-0.4936476819314123 -0.7658282175803808 0.2364056651637986
0.40955719770623 -0.5857539288435185 -0.6762821046084511
0.5078698615613585 -0.5193788339364678 -0.9099895641750531
-0.6014897795390524 -0.4783277126775413 -0.27218218486523527
-0.5061180783937498 -1.1302652785097718 0.4282730278265625
-0.4834716274860903 -0.8145969938435199 0.2445065154587685
-0.08118976728829415 0.7133751173872576 -0.6218748903088689
-0.16580885379383922 1.0691409686436915 0.49517040715975513
0.9552292553380205 0.8753139542175066 0.6662442845010428
-0.20440919575088073 -0.4116275073766739 0.336317492046297
0.12325414152906715 -0.5891961402493835 -0.6729799143244206
0.07128904988952917 0.5849396738573965 -0.7868484873649123
-0.27715454828190406 -1.0412263593462274 0.19243064482268837
-0.6357544325244928 -0.6770135078417587 0.15082023388346205
0.46555283091822397 0.7403040158719936 0.5616163648243997
0.04320613784486407 0.44305311266466124 -0.4062696254795445
0.28511988002038996 0.8618034275881236 -0.6517661806045867
-0.05639828916108883 0.8275225754601252 -0.9298396473887948
-0.5390259334008196 -0.07189197285861365 -0.10769870577009247
-1.2458852505840716 0.7161830988705652 0.20891248885068758
1.0424488112661876 0.8262974639580688 0.5974240203156198
-0.561139364607962 -0.5145139985070009 0.10760260615698225
-1.1423400133864015 -0.3371148294158519 -0.2677972627676625
-0.7736048183361778 -0.5644047665684793 -0.5876007317818304
0.09429799093591897 -0.8313030013802214 -0.3944989264912393
0.9863908641941611 0.8774283143161978 0.7215604259441397
0.30488546610089673 -0.516966316856634 -1.0445480229284545
0.5245201194832081 -0.6205341788941899 -0.7555614755607025
-0.9985681253233163 -0.3462149367438866 0.09642634783531906
-0.6903320733426301 0.551008824952834 -0.5968976290347082
-0.6102631763855315 -0.3256573674191453 -0.04481662321946876
-0.059010917734973634 -0.44939253273263186 -0.5587722950241765
0.14318042439804754 0.46469353260563767 -0.43150293152931873
-0.2085604066371017 -0.5266444162132995 0.4863859382581724
0.4380914914659243 0.5020969826045223 -0.509371082687528
-0.9201223239608112 -0.3884992953772836 -0.5469341704623185
-0.20118131645027743 -0.3102329850628849 0.20730970148456682
0.16671396710405909 -1.096355392866132 1.0096733948532148
-0.30160614709076955 1.0769491056750633 0.42375680558303974
-0.5711137503755429 -0.5424914679437113 -0.32636499768486554
-0.3012910774087994 0.9908727645761232 0.29547591026895287
1.0123249091021274 0.8818326638781923 0.36744174816742925
0.676483349916265 0.8710980269249823 0.5371443922688331
-0.47654633667085705 -0.7259765902595761 -0.112234310574306
0.4049763211973874 -0.896307834306858 -0.511213069113355
0.446187279625334 -0.4664267882291885 -0.6521691403323356
-0.4594292890535016 0.7025914068841572 -1.1103927549346344
0.6954407136385693 -0.4820221143783909 -0.5941815731945728
0.19855388258446 -0.822224667963001 -0.5725180533631804
-0.590996130996599 -0.5988244219110903 0.10678153085435674
-0.9898413278364995 0.9537153765881407 -0.005480353909469493
0.6188339085306638 -0.4096783137517835 -0.7679276184356106
-0.7067589946031535 -0.5775208624265753 -0.28199676588829775
-1.082544286835957 -0.39196226509048754 -0.35739466446376555
0.8347693351861512 0.9758627773094903 0.6568932103160192
0.029532923021180033 0.7488777977160503 -0.6391089424828722
0.6012957942399965 -0.6921583331212494 -0.889264238813476
-0.5591600445712075 0.4962850619088068 -1.0022466870855755
-0.13929192927292144 0.4078477556184139 -0.7661851470501803
-0.7006930680041593 -0.01984444658354023 -0.3439714116304592
0.1736141473080392 0.2083378297758548 -0.8113380831870158
-0.9820054886954809 -0.4679508247625713 -0.29940318362656804
-0.38036444421565624 0.7824924314049642 -0.44102297053465916
-0.030357650625219015 1.09665252308803 -0.8789160424492085
0.49555356197437855 -0.4926374001565015 -0.818333522909756
-0.3000792268561322 0.9780621966578128 0.6078318758074013
-0.6323176581533665 -0.6901762925168695 -0.16844894779799566
-0.21850995637091597 0.026754902239677858 -0.5258695203935161
-0.48969906003211605 -0.7430171842698237 0.6714255686524198
-0.2322425549428166 0.6903884568416196 0.08206437262261135
0.03075841141416541 -0.3294538056498873 -0.760141481597844
0.8793368632571751 0.7773589932622937 0.5239035851317091
0.0466553984795241 0.5599317221885538 -0.09617544472497086
-0.7764500099128815 -0.0664462798111286 0.11372473899177898
-0.036179019754679555 0.7600865728165141 -0.5052677950359478
-0.031862504844128225 -0.5252571161741646 -1.1291512063763824
-0.9494061421400882 0.6009389054662989 0.11576618847238715
-0.8972993164974401 0.7699919389727656 0.24561939962420404
-0.8581241774356427 -0.1445169674584446 0.18890955084333333
-0.11361583191523209 0.8766350098279958 -0.591164826610669
0.6128159300290061 -0.9347076164930415 -0.7801417758904563
-0.10204996080578263 -0.27402356468491096 0.28014608823408554
-0.7560229916814758 -0.193560982846845 -0.08366405504070293
-0.73063754520121 0.7453661941147041 0.12492917269252357
0.29758456904209096 -0.9109052273097747 -1.1491653496448775
-0.08523613363908178 -0.48598146641164514 -0.5361710020685799
0.38555680198211795 -0.8149013261391853 0.9559903907575205
-1.0179904808564326 -0.5039647171109543 -0.526420292501691
-0.46267078599542943 -0.45304537767841624 0.14019988808817718
-0.05397388352627065 0.6634605845315804 -0.7981690169671001
-0.289389547942003 -0.2730032506456228 0.04129880205546524
-0.24506927254523375 -0.254429134375729 0.1465429572030711
0.2432273825549339 -0.5476927865963696 -1.392923621435747
-0.8322487187270842 -0.6344157979485935 -0.8363696905606172
-0.424830490115091 -1.0108885082525982 0.46357096992480684
0.8328511156897882 1.1526146096343504 0.6070779543734006
-0.11910397815549466 -0.13777796990802493 -0.5964297566226596
-0.24155324785515772 0.3932798071356114 -0.5149486450826246
0.20980327202550075 0.11908592196877114 -0.9503229584764672
-0.4052088332198293 0.3964340783239767 -0.8717002834388617
-0.2034438846689645 -0.8287566708242767 0.2695476596605092
-0.8686673729455434 0.592020483161678 0.24773890751659128
0.02556837213107685 -0.830797830648092 -0.6572348970838782
0.05283258152997532 0.3235049443372003 -1.0067383434767112
0.34829802900207685 -0.3967092669776244 -0.9865975937025733
0.002884763136914034 0.1521173180652037 -1.0694546983623179
-0.931827429769352 -0.44952142683757157 -0.14726141839094575
0.1925585185551239 -0.40310535721856666 -0.9160429798407699
-0.28957744844841327 -1.0175556940860733 0.19778493108331138
-0.439426601635336 -0.6966737572987369 -0.023411958814833697
-0.03170358521867327 0.780734008295967 -0.7550615880318422
-0.4614150897622634 -0.28935467962538886 0.060091910675061644
0.21649576311730348 -0.9999253511746025 -0.870175705264723
-0.23731212818726802 0.6550555729887114 -0.8491974587837273
-0.12218842185127816 -0.296926380036857 0.2621029446994452
1.0527956271807577 0.9156492925316406 0.593079966603108
0.05907288155405746 0.8683416368153063 -0.7487190683895594
0.0930426152412906 0.7372171181958552 -0.9036749086678468
-0.7217182095488368 -0.471345521935395 0.09893945814975229
-0.4001972926856153 -0.4459290521522337 0.11763574120153387
0.8571405186836452 0.716149390215819 0.6868384568729263
0.01375933774367638 0.17544804593455798 -0.25597499911744287
-0.5242029100025113 -0.5609352727721482 0.10750315313034658
-1.0727982852496454 -0.3974615139362243 -0.07225676848347087
-0.8182557589816387 -0.4864716178967164 0.16050522994838995
-0.4855337065049813 -0.8043870009055978 0.3766686163841586
-0.5660451383225636 -0.4070954670980809 0.19434124985558418
-0.022881736365099825 -0.7460332988201944 -0.3666750108033241
0.09707144863648913 -0.822241499301902 -0.7647254080373451
0.47162859756075465 -0.5216104618191872 -0.5816892161234672
0.17780554680872632 -0.8041439320146553 0.7614438697126114
-0.23958467511945294 -0.9631150892986625 0.18218970882813953
-0.7532313022447406 -0.3782029193251767 0.008358036334650487
-0.10726441743590279 1.0259353900280734 0.4666061292431744
-0.9822224620577397 0.6155573210298076 0.2941394215722245
1.0016643210943683 0.9870068493411529 0.572450668901589
-0.21112867266105745 -0.8140713643538334 0.28757515596309546
0.3867516397520817 -0.7815444596324916 -0.76188116354274
-0.8064877942607667 0.850884861363502 0.15612622343269417
-0.45610730797649635 -0.5940583622553617 -0.8813218718036357
-0.04859663021556548 0.8408374377212395 -0.35176931841251036
-0.9217665120959858 0.8628967407030285 0.34376637950911015
0.17527220377148767 0.42713390040159005 -1.0173050084707596
-0.6613084137342535 -0.20092068320932802 -0.3513432404866923
-0.6992156776443088 -0.23868842246539457 -0.4793009882474245
-0.9516196753360879 0.6447026718970352 0.355096684034674
-0.22184981791825106 0.7053579806902577 -0.9254315967585474
-0.9986594606050428 0.6478850556177141 0.2860210377737953
-0.22983276759915075 -0.27780024929787894 0.21619137276375727
-0.644747014380173 -0.7198809760539487 0.3588601482226118
-0.8267152689673022 -0.35054499464196187 -0.6174033034813524
0.3379752340222041 -0.7934610634097725 -0.8531678829700988
-0.7488004038123188 0.5756656664065389 0.20676924423387483
0.10785752932940845 0.32897742632876326 -0.5931120425494993
0.13659406240034874 -1.0472035108540096 -0.6893487336692163
-0.3238227079218575 0.296705287897795 -0.6670948323067762
0.17832713402841002 0.3096048211317065 -0.7881080348358878
-0.27962365820859725 0.6233061925296467 -0.8057127680454559
0.006477644124879292 0.5252294755531187 -0.7954403486653548
-0.5195827903798709 -0.6116859187781264 0.3473414327130903
0.6991987867025309 -0.44293429826472636 -0.7495316797990683
-0.19738748762682684 0.6052961652275861 -0.49867118130470917
-0.1390937910192395 0.5720689865207864 -0.32953253991501286
-0.6927963434188688 1.2493385658642477 -0.6680820685726145
-0.8277015579165048 -0.5511694498467241 -0.10903587553515998
-0.283935885534382 1.0680814483804506 0.5381187721315672
0.819853430307425 0.7869636018039483 0.9301010206558497
0.8919544610075287 0.773451644348659 0.8688897302158529
-0.2794672219616854 0.8155134277909049 0.25616436032316703
-0.7302091430737199 0.5781504998808326 0.21483594034467923
-0.9695388369564645 -0.42344545221846974 -0.7573158154860746
-0.4895815957203169 -0.35935365004677744 0.14510792803521017
0.4865713778835761 -0.3951470397926563 -0.8697854404825547
0.2706562369149372 -0.7787859679856298 -0.580925542981266
-0.05202523966437042 0.9401216661374673 -0.4478665220208949
-0.297830255693612 0.42903072868625675 -0.7033296004588847
0.08469916852913997 -0.06924017302824836 -0.7835307866573631
-0.12405996683683837 -0.5204091529168245 0.09590353110112132
-0.03378081117380296 0.8337550225969422 -0.7815181379008524
0.8481729364117621 0.8558453914537578 0.7947978198977661
0.6387380628024234 -1.0949894934626017 0.8509617597145035
-1.1716145055694707 -0.5773430832276731 -0.9893441147107978
-0.20367727048113626 0.5154909698748115 -0.23689712999248957
-0.24032363839032106 0.833433616772214 0.5911996910523313
-0.5178399222849175 -0.2712330744816862 -0.2596566008462004
-0.1063196916434597 1.0840281729764893 0.5652021303632805
0.45677981945511337 -0.576308404469058 -0.46140976814852896
0.8124656003711689 0.8359879910045793 0.6077495290731628
0.17912508284604425 -0.8565722792407411 0.7487788128337803
-0.8509227229173622 1.0564229212134841 0.45910051133877516
0.8061381755106527 0.7063773480246286 0.58677636325432
0.21291813004177296 0.356683686543173 -0.5168931543676636
0.7067105370794435 -0.535280575719604 -0.6589214303427321
-0.7470391236247605 -0.2128775628202893 -0.0001627885949945576
-0.3987146490905087 0.7646502372980727 0.4780913942781543
-0.7358570501980088 0.6115411339154382 0.112691282767863
0.23533681137296414 -0.9366863263193582 -1.0118767785817029
-0.29353972400533784 0.9941853071020861 0.4286242444477762
1.0134694575948895 1.138096575899884 0.5900447784890654
-0.9344464123671443 -0.32590835281510344 -0.12807110321886706
-0.4736699191253835 -0.5424876764627158 -0.5600367769565802
-0.10920245166834236 -0.4051447297091489 -0.9302045806037789
0.507034340444833 -1.0430409402276886 0.883286766125935
-0.601181625763779 0.82596984613307 0.23662418395191162
-0.957897607129071 -0.21839183006618115 -0.03662279380015994
-0.1964423192379397 -0.5762228911634251 0.2102789791090079
-0.14777387697951555 -0.9833044660490597 -0.5724518267349455
-1.0176190066757327 0.48172433438234696 0.20477609568334504
0.2005848878425519 -0.5925631462752863 -0.46184829857348403
0.015664706199762082 0.27967377271023847 -1.0356946519314871
-0.5801759130696603 -0.6909055236387349 -0.44510096960275103
-0.37419307696816867 -0.8978385805100288 0.34426420485051584
-0.07546540144475149 0.5300158698730788 -0.9538195402260373
0.06685807054087126 -0.8431982977296059 -1.0445190129603643
0.35241861494243387 -0.48599929716698476 -0.4705536165413123
0.1939795292277614 0.4583733028642811 -0.9196104573257651
0.5376817343515443 -0.4570690026707146 -1.1132073923725745
-0.3320519248335456 -0.7423946957884879 0.14113315293513892
0.32276455851898245 -0.8238521641129384 -0.49880730586788286
-0.26813607554753716 -0.43637264918911095 -0.47453054332720723
0.28630686467548105 -0.4563654987413394 -0.9373072203536562
0.9355819385296384 0.8131395277027318 0.5238384324472609
-0.6683946433132952 -0.4568514706817122 -0.6024146084135736
0.5606367941781296 -0.4475290957196312 -0.6624527909104783
0.4845211589704493 -0.4747085957683396 -0.6378814483931265
-0.32456234962148406 0.6954101894216168 0.35522808592823674
0.21080850451607724 0.290006763267331 -0.7011691218124482
0.00048156821062104657 0.07311500503643388 -1.0083086631397622
-1.1112792703238794 0.7019751856772221 0.21134540036607108
-0.21005360354474284 0.7584156558359989 0.4535421275579262
-0.02157114974120629 0.7308345565264149 -0.43733164237089606
0.010457274301627337 0.9236006116927347 -0.5192255962299805
0.5578274736331268 -0.5070594549977331 -0.6529223709004602
0.06167161688881573 -0.7838855481176266 -1.0482097224193314
-0.06197399690607988 0.029797117556578878 -0.6052919371247975
0.5999661491104755 -0.527265567902373 -0.6733824024455284
-0.7014049289412556 0.03713305423668167 -0.1113890991872073
-0.03978936296616786 1.0596178329214374 -0.661006038288332
-0.32767107920240357 -1.1197792887458777 0.3206219748381832
-0.9133791312274799 -0.03240387788701826 0.030605551841019343
-0.09815240079406565 0.7046246310513131 -0.5877458415054785
1.0188753394352048 0.9652287350862656 0.6599472285996146
-0.45606776376649383 -0.19025505189774794 0.2846244254142587
-0.638380104514104 -0.34313683136389006 0.008240738718484623
0.4982881956496907 -1.1642241451081263 0.9390982134668717
-0.861924535552502 -0.5184434920043597 -0.35908236740136484
-0.4840558279866123 -0.2452020904185821 -0.9606670291409787
-0.1005548997483332 -0.5860202590859624 0.13033356417073666
0.5597940858180248 -0.7686896087542037 -0.7570896487504362
-0.27871786660342934 0.7885817194787239 -0.7581287493628837
-0.1898679469711063 -0.8723913477668247 0.3264174569512686
-0.5737480418444494 -0.33103057721215484 -0.691988613363528
0.7703371215879902 1.3293171716519272 0.47338093778285195
0.11615817928253383 0.5517991781486795 -0.3287863921754063
0.36853136820942634 -0.9260422498655825 0.9641348049360222
0.04703813580132915 0.20456186398360604 -0.9883719702518478
-0.437457309564791 -0.4113810912580014 0.21687137099303036
0.35708251690719517 -0.7856040688551066 -0.5203236135873961
0.21095576624097032 -0.5959366669490975 -0.963929909272975
-0.3318817325698621 -0.8824619251829623 -0.7114530250379697
0.04054082052997446 -0.7278773008556335 -0.6347227780737704
0.5965421025878311 -0.6263075363934452 -0.8848112234943802
0.5840235598583119 0.1178438219678824 -0.772635902392575
-0.4173924952190796 -0.34657478620639703 -0.0674015000365796
0.06676206354819073 0.5184825421150591 -0.4434961274729764
-0.6695906849557453 -0.5103242158911786 -0.9850969791519819
0.18093395235118648 0.22817578689611012 -0.21365249720227586
0.4874989512700515 -0.8461791431540708 0.7604716293459493
-0.5472628035016976 0.07092500644912769 -0.3324009538972973
-0.2959335023454713 0.018064018013851935 -0.8226894096151247
-0.898702304583211 -0.39726817595784214 0.08203029222707409
-0.8668517717527534 -0.40606271787280546 0.09662835910766254
0.3636293519051606 -0.544012011986346 -0.8388867908798305
-0.13837627836388158 0.051997642577579856 -0.8993518026862816
0.023110025988430774 0.5731373135482165 -0.4232421130568288
-0.12131395869751005 0.7818676706206745 0.4840876468874312
0.2755393882042574 -0.5646659263866061 -0.47857191896874385
-0.22995675373635333 -0.353114903652986 0.2513627047042517
-0.3137102194869167 -0.6844671532101564 -0.05324179209952985
0.03826635864388628 -0.6276104236841247 -0.5795471171715895
0.21062903343114137 0.4861274663901544 -0.4969778035005588
0.09675193812638813 -0.345026579665742 0.29170309699643454
0.12354034705080971 1.030406206496525 -0.7870208086988093
-0.8293880132169055 -0.3247551425188115 0.13542252947384703
-0.6169084886237602 -0.8485537881158715 0.40474646762585725
-0.3929101232602583 -0.13673518958822334 -0.4295927079315977
-0.39869101366745285 0.3299798303721428 -0.3929393546134389
-0.39787510468357423 0.34676876701392223 -0.7680049843914185
-0.22130119151821778 0.62275361502546 0.3340346554160214
-0.25556083277850844 -0.6848832452358462 -0.3546793601070675
-0.30048403427457426 -0.506058069503901 0.37896197099372314
0.5597559274356247 -1.0201772419225221 1.025393413212865
-0.580248079160519 -0.7341203462586189 0.4356846655342883
0.7054470409148814 -0.5038210772633336 -0.586108402367096
-0.309002217068111 0.9482559416847518 0.462970898960448
-0.025982052421877046 0.6079532823300682 -0.57552241205624
0.6931885021403651 -0.710268135786 -0.5777997194999408
-0.14481688210681165 1.07621268900709 0.5224820880537892
0.3159155436585968 -0.9622168550389764 -0.17245699972230122
-0.978123021625667 0.8256611945777282 0.15171933169727378
-0.25624236288336943 -0.8777870373955805 0.2967208942744559
0.15362663431962445 -0.6748212312992438 -0.5483532493609506
-0.004899065751299253 0.46440781992401947 -1.0049931732104225
0.18764732784884114 -0.5345804382990025 -0.9662426459107449
-0.30636426092794544 -0.7056691518380167 -0.9296250245254482
0.3947698341346001 -0.8497796042904646 0.9916843108800161
0.7777922253543578 -0.583363356014347 -0.6828950838262041
0.1733778566852249 -0.47727520962050496 -1.0015358725954102
-0.5006910833377242 -0.6590723882794327 -0.2686256575030002
0.5846982839708912 -1.2521984746963193 0.702750639246899
0.6272300164986169 -0.6458428522764258 -0.7067120718784434
0.04012099119139059 0.5282748642955098 -0.2940511497156845
0.5536785112763472 -0.9742930142472536 -0.29013709017274625
-0.7055411169471102 0.039408000880356286 0.04545786901807506
-0.5899215918826887 -0.5994383065490135 -0.3558032237746133
-1.05430160635933 0.18798704673509414 -0.24727796827283074
0.04778961909864259 0.31679358717181494 -0.7251768562300325
0.17982867429250105 0.12349305647225664 -0.9713749048548603
0.09183003088480635 0.19362601982936797 -1.1462266176624194
0.37252717340254526 -0.3910989271535441 -0.3648845372970292
-1.0272931184322305 0.7027091391117894 0.19465039033497447
-1.025120529776342 0.36365175324351945 0.23086221499675902
-0.5868263729428009 -0.22436314938695526 -0.3152316779642764
-0.6016980584107752 -0.3182283987820143 0.01607765571573703
-0.43155856818991395 -0.5285631173297234 -0.3762896853250865
-0.4254744995421146 -0.7867697673357794 0.22160457445442355
-0.4794474648069513 0.23432330519523048 -1.0014675523872678
-1.1212671031213544 0.12322508787213382 -0.5501395685757241
0.8761300878360867 0.9588082943738557 0.5003724040718988
0.042493047268207684 -0.6579285007065528 -0.6716044723311665
0.16839672525405386 -0.8133540480756136 -0.4294745813313929
-0.8347173576680296 -0.6163338862324755 0.057426517799146426
-0.13983590813948843 -0.731988913655391 0.34883904613286404
0.38160471104251653 -0.7464532508769944 -0.8203167918992227
-0.867653298586596 -0.4650945093538057 -0.45703642521477866
0.6523957544346654 -0.913514163707474 -1.044706368350723
-0.13562195405268562 0.43324200482927977 -0.5739556373147372
0.19633230989796727 -0.8352122524368562 -0.6984115451062232
0.3234621331650074 -0.8604686423128681 -0.9881096696168518
-0.7430979434481901 -0.18537330218293963 0.0853656878386731
0.31611511755512883 -0.914445280223116 -1.1713968642975583
-0.07856309596632546 -0.44281028840401254 0.2629142424148459
-0.025246929633983783 0.5155629178577618 -0.29372221639848595
0.7156407055463756 1.0835801666805902 0.5693010223413011
0.24841061708873138 -1.1180328463935665 0.9673601874323611
0.5010696854146774 -0.7871100375113583 0.8291619901798574
-0.3259047332507655 0.6760156891614282 -0.5732847846714583
-1.0341595317872903 -0.5413263246572179 -0.19698142284525338
0.2704955733903639 0.702369014722586 -0.478479447505976
0.4845025311851626 -0.986872440242113 -0.652988793052907
-0.7960473497940392 -0.578313961607062 -0.13485303018625594
-0.3719171959864794 -0.8485736654299663 0.14707523721525653
-0.933113644031888 0.6329855561754673 -0.14544180343356028
-0.20678634749872737 0.5448198127772774 -0.49833783878396987
-0.8754255453956752 -0.12328852013510089 0.08783816140695039
-0.32507568328243086 0.7158563710034388 0.34264240716151884
1.0568719903212511 0.9490509040063868 0.46282787383235935
0.5324241080201997 -0.782810676642476 -0.7760390924556404
-0.08643620829917165 0.9315569727720546 0.5854945547899287
-0.17660685259425013 0.5469934050567773 -0.543406829418011
-1.0623777842439615 -0.3682487438764476 -0.12308679686434859
0.13043232610743832 0.5391974737384948 -0.8938003378964662
1.0272522002271935 0.9687890771540917 0.6265156110627782
-0.756536275463455 -0.4150018395958176 -0.13615803943258892
-0.9662416394359907 -0.747690220851382 -0.0972099685887465
-0.36419836095412605 0.7658975747749672 -0.3898092801440159
-0.8569137111592878 0.7465301671263703 0.27963381447588725
-0.15203235052543948 -0.5144616806352927 0.2788095196690127
-0.32515701279653286 -0.8673678323742506 0.34719973376144625
0.20495141576445775 0.9667635460074604 -0.40576075387318516
-0.034247323073017866 0.7539280916764014 -0.762985263663379
-0.7772989105334216 -0.3663159724167117 0.34894309555180425
0.04944766755948385 1.2289074336985168 -0.8019297456548536
-0.15261156661544006 -0.6236594279525316 -0.5902824028174718
-1.096585977690633 1.0316032301327742 0.2313939230985756
0.6537835900145229 -0.2167588068105618 -0.9929326928284417
0.07048029714498497 0.18515366217831047 -0.6337816055687546
0.49075712178993547 -0.6876774004378734 1.036838085912009
-0.9524174911395079 -0.2552888436409013 0.038880458393966366
-0.0025395726590455026 -0.23269821582365946 -0.9450976420836732
-0.18966404476141713 -0.4804739064154314 0.23313262439481514
0.4261613908791122 -0.35533485798018316 -0.8666702857576056
0.31797273431828826 -0.4996682436844295 -0.4389012930989489
-0.02714347621412233 -0.26414390751895944 -0.0012037833608349868
0.012275424018578618 -0.5668015453453662 -0.7909654972955679
-0.7612385057082145 -0.1906664562014471 -0.07274901688111224
0.48486094945376246 0.5971125183057057 -0.6270349486838573
0.0805656933847061 0.3368630614550352 -0.9565772691366929
-0.32017412562218023 -1.0447550401740913 0.3699046698155273
0.25610651173006094 0.8234884230494863 -1.084681264102936
-0.6894000229900508 -0.5876950497955205 0.19805258589648206
0.5313688809089833 -1.2725947043702384 0.9087399862644372
-0.9564890062526574 0.6330698128115224 0.141659062218732
-0.7083689796378101 0.8547341020290623 0.0875084450096519
0.03722669872258212 0.22442270528676225 -0.9154376020874339
0.32020282311476633 -0.8750495203539621 -0.9051287925988459
0.28431011917914073 -0.44568887473571395 -0.9990210044426313
-0.3934129837341585 0.8349036845220041 -0.3662624051320893
0.15024372539234324 0.09798503479887005 -0.9756197943459451
-0.6287701878350443 -0.3753773811069785 0.18465564913700597
-0.4645623225365909 0.7001808811101842 0.20967081146952862
0.4937454884761575 -1.1959141780696496 1.221213445918636
0.10985498237980557 -0.38186733096612935 -0.7207011191106969
0.5815293828729168 -0.6442758107514843 -0.5868545138296463
0.2927375185210524 -0.19279548841964722 -0.592414415059357
-0.5859841007751346 -0.7363353582099443 -0.5089055698963648
-0.2657475546421527 -0.3025997467775447 0.19361538750862303
-0.7294265644869093 0.9521565583066387 0.362194451332443
0.8782575257005508 1.1070277680526117 0.6534790591988777
-0.13521344931131557 0.18529001477825802 -0.10480587697035265
-0.38864318207010135 0.56876403359281 -0.21008865269567512
-0.6443830455075048 0.7961149600853122 0.14711228351002695
0.2611516822889024 -0.7787145169658554 -1.3132728975168442
-0.10601788979902321 -0.6919735040052029 -0.8257081157039285
