2788.14303 1631.70878 9047.15883 1791.27039 8687.29915 4344.38738
1325.79859 591.51988 7589.65720 7447.04204 4962.86186 9634.14616
7540.36445 2971.85995 8529.86991 7194.48925 6573.42518 5231.32269
2010.83795 2200.13494 2765.23979 2206.08137 1289.25824 3866.90536
1030.71983 8621.96378 7620.35357 9483.50918 3453.36210 7486.81175
1901.65280 561.72776 1282.00835 2221.40375 5591.31873 1926.24069
2521.87875 3368.52464 8693.02181 7983.39980 8750.95989 1893.63782
3306.92092 1120.09978 3305.55642 1961.18776 7363.12382 204.23066
1879.86391 2789.25506 732.15092 5233.63157 6968.65396 6891.66545
201.32699 496.45208 7855.01430 5722.25061 6421.59754 4628.56441
2891.93639 7265.19991 5902.99210 4301.36882 594.05765 2381.17928
9817.85423 4761.42771 9512.24346 3579.54164 5015.65022 724.59119
3066.91412 2415.21985 3260.71757 124.88146 6510.96402 3176.39141
5532.56982 4311.59179 6316.88544 8710.87870 2942.66332 518.54134
7622.23466 5328.73729 9161.74550 3243.60812 9752.71074 6765.04449
2659.43018 6025.62526 850.46966 8997.14584 9500.04163 9763.71772
9615.57684 8973.85422 8618.79051 6129.81781 8064.64557 6059.01482
7801.85525 8151.82740 8311.99092 1628.12476 4615.77734 8635.36258
2389.83841 1140.77761 3800.94410 51.96921 9926.79090 1643.35028
6302.22644 1650.80797 8729.80041 9368.15274 1690.13759 7086.60833
4054.15748 6444.61050 238.86535 3171.13167 7755.23315 4288.93163
7862.66574 3262.00179 1830.15439 6313.87642 7172.62688 8812.61914
7958.89227 9557.11869 3280.38700 8453.82366 6638.57637 9990.20314
463.47241 5566.07963 1771.31147 5833.63571 4653.55144 7682.55760
6032.85420 8755.93788 1717.75973 7023.91404 6731.76200 7217.69521
5872.94639 2297.95524 8442.40328 2119.57068 4996.09582 1270.99967
360.65634 5646.67627 6376.74548 2318.55398 7945.02558 4166.18013
7932.14049 5404.26941 8343.80723 2840.43679 6509.83449 3706.68184
8076.64777 7720.58546 1382.15321 3463.88025 6377.22435 771.89143
7600.45516 5257.85424 4980.03675 9997.46549 8833.17920 9853.91926
7528.19760 6761.70555 7437.35676 8116.62228 9247.66314 3819.82819
9026.16743 5428.16618 6412.26482 5492.96778 5470.40236 4224.19415
823.22830 984.14777 5321.97584 3315.06786 8498.30015 8399.63692
1518.84241 8986.10954 7558.00454 7400.94445 4238.92977 3182.20762
9857.50990 5512.42004 2933.71959 9393.40730 2484.79067 7709.04703
648.43245 6521.21627 3573.74408 4595.29493 6528.60023 7646.47048
6227.54463 2521.96767 9249.97616 6931.90979 2061.55031 5726.92318
98.22044 6374.57170 3170.18800 997.14282 5058.51395 7812.02056
5189.72169 9377.41552 8420.24868 6386.81502 750.60870 7291.76799
9033.37904 7251.46796 6931.57318 6881.28361 633.07371 9195.23399
1542.24126 7579.70950 6826.62939 9814.03728 9470.29138 6945.19127
9661.11183 6197.63043 709.05931 2409.35837 5406.06232 967.82638
1881.64256 4088.63003 4054.50475 776.09279 1385.76799 5104.25586
1624.51049 7833.51829 1377.74134 814.67475 2132.33244 1933.89236
5445.75259 86.09381 7793.69812 4966.24313 207.27797 1077.29022
2882.51248 5241.05243 4348.13644 9256.72877 6647.56780 1390.79734
7244.50651 2063.77636 5402.80794 6689.45445 9304.60341 555.10312
2149.29412 8514.71871 9556.36592 3259.03456 7614.26394 762.46043
8689.17251 2340.42302 4383.46785 7386.43485 7808.20206 6497.97598
4611.56557 1457.16321 3337.50863 7433.78356 2609.52642 5111.04807
8686.03658 2212.55400 9186.35780 4292.95011 3489.32835 822.38664
6625.91302 6051.14073 4166.70349 8322.64238 4120.18244 1877.36491
3841.73533 3766.18686 2717.52304 1984.45023 2770.08551 4526.82260
8505.02536 4421.87153 3166.03218 5920.13658 5619.27275 1538.93214
1283.07381 9616.42849 4222.72744 8228.00567 5671.59943 8646.70325
3811.51197 7034.59019 1767.51788 6637.54504 6449.11946 7036.51439
3729.76125 3726.60791 5402.27589 2568.02570 4405.37222 2845.20632
637.45745 5907.78225 7332.20366 6805.62135 3717.16366 8663.39245
438.72935 819.18018 382.70157 1624.01022 3734.52500 3590.54552
9548.93904 8242.58177 2431.88916 3260.48370 6647.14631 5822.36647
5493.84887 5165.91865 6250.66059 1736.21890 695.44233 4587.29194
6195.29999 6972.46117 9600.32406 5413.00015 476.64156 7751.11111
5651.57472 8663.35886 9581.12501 9227.86490 5297.52355 8190.69389
1514.85941 1789.20525 623.01842 2941.80229 1440.07679 1463.75945
8058.23962 548.86623 1352.05345 2547.09197 292.42871 7988.67350
9955.40288 8931.52176 9247.83140 2136.16861 3393.95876 1853.78163
7450.86513 2104.14103 2265.59641 4536.32375 4794.81421 9032.31318
9450.26543 6400.02336 5172.05408 5126.27539 4760.56868 1110.55928
346.80752 4683.46767 299.63815 3719.95210 4304.21134 3389.71316
8813.06466 8908.94963 6380.89044 4928.11473 1333.93848 2975.39092
3001.53882 8917.74993 5315.72911 1729.97090 8690.85708 1599.06422
2714.95865 8697.74424 2525.40095 7844.46670 7220.02374 1395.52660
6184.78237 104.02566 9205.12421 639.76730 2657.47675 4536.78076
7431.69983 9384.80401 584.32175 3275.85398 8366.54182 6480.81121
7740.67887 7314.97290 3820.47984 8883.21401 7218.44990 8250.35508
5795.35376 9662.95243 8811.41968 7328.92387 682.07999 3145.85017
6568.70946 1881.18757 5664.66934 6452.18268 9229.16091 2560.18822
7229.34040 5864.60376 4437.63507 1947.12444 3516.73940 1102.01619
5948.68581 6084.83606 2564.02314 3252.39876 9509.47359 3825.90546
2721.32936 6604.80429 6449.77878 3657.50111 2093.94248 4690.00883
8572.19020 3847.67342 3201.84242 8680.51779 3925.36293 4825.96524
855.49185 5699.69989 2973.60107 4059.22107 4451.18044 5986.15749
5607.90465 9203.18454 3229.50752 6308.70620 5795.96582 7315.64235
1360.85474 2432.97644 3852.88414 1591.65433 6130.07779 3329.60487
5687.52973 1679.93821 419.90989 2524.93040 3339.93167 5268.03441
1079.56032 9388.71891 1120.50086 7855.89319 7204.41899 3030.55384
298.51588 529.39002 4274.98627 8228.33982 7637.13733 2596.27052
7149.39521 6330.28646 5883.97733 5669.59141 7692.58094 4905.35794
3508.43675 7620.17707 680.72686 2331.76537 2246.91220 7529.14331
7536.73165 5235.43672 2460.71282 5723.77178 1713.12928 8972.03690
6824.73733 1547.27313 6269.64829 8920.70813 7204.18975 970.96768
7560.31021 3805.90047 6463.29939 401.96217 267.28012 978.49322
9330.71846 6188.62580 6976.53220 8075.79424 467.58541 8546.94313
953.17168 4207.11601 9633.93827 6223.38680 2496.36127 2877.75199
408.41004 6652.75472 6518.29675 3327.87525 5897.01186 4872.59931
7452.50113 2588.03898 6980.90194 9314.77884 5917.35620 4371.24986
7642.73464 101.87157 1146.38732 971.20159 3304.85769 9411.07372
9754.18137 1097.56579 5342.61901 6323.49594 639.85567 7754.90628
8090.90460 9752.46545 4020.68286 2127.69710 2030.41829 6813.27548
4089.70828 3831.44011 7263.37425 2586.51918 7897.59115 5593.89666
227.28270 7059.33146 1626.22136 5293.38172 4862.31273 8339.42498
8738.49064 2346.51705 8172.85888 5638.27238 1748.47374 9312.21682
253.81524 4565.95730 7651.87254 1781.82046 8232.50018 3773.66076
290.91882 4871.14665 9716.81419 4394.79884 415.49245 1383.85744
1594.42327 6710.87127 4819.00419 7467.08360 2953.36434 5114.86196
1987.01407 3944.18919 5717.16813 8650.37196 6026.74130 5688.32716
4376.04446 1544.36736 3918.60012 8432.87002 9373.63474 8225.89722
3641.61242 2363.45760 1741.71986 491.97698 6826.36499 2283.71568
5527.07595 6936.09690 7698.48897 8267.00307 3974.52933 5538.46274
9901.88395 9033.04228 6968.25537 8051.05681 8416.44400 8015.93673
1509.23367 4440.87896 2094.87867 944.82506 6315.23663 7654.36712
5964.79949 7588.29923 8220.53859 4073.53063 8209.96206 3523.65910
221.95450 8103.31595 3140.63596 2102.91706 877.08476 7511.15698
591.73115 9218.93330 2558.67179 2181.64264 8236.32156 3269.49465
4194.61831 1272.78871 6325.94255 5821.85972 6289.04852 3311.73262
2917.28876 9149.74485 4794.56151 6799.43422 5971.49346 5137.41711
3933.58161 549.30086 7692.86103 887.95846 7830.16471 2961.801
9076.75569 9497.89507 8090.46856 4891.90756 9958.03422 1050.44201
6518.87246 5155.95317 1802.71778 2397.96267 6092.97596 3106.42915
8394.97187 6845.66996 1155.41101 546.16719 8607.86182 4873.86183
55.60526 3907.92598 6347.72774 424.15782 5020.99792 5742.21809
3349.12298 4526.36304 9577.09593 6486.17004 6898.20029 1550.58061
22.86757 6844.22113 6042.88931 8352.59929 5642.45214 5564.38702
4536.35101 6806.19342 3575.96211 8352.08253 3206.58178 5625.92471
9783.94580 9017.89087 5872.54090 983.67083 2792.67099 3392.16016
8741.79506 6594.96462 9857.88059 8472.56234 7482.67565 8684.76367
2087.24692 560.52477 6159.57855 2986.68418 9605.30739 8632.38176
7462.50821 3578.55969 8272.61060 8187.21404 7218.50461 721.48014
3034.55726 6246.87679 666.72126 6388.00228 7814.03898 8938.04099
3457.98662 6454.32347 7940.97548 8911.50077 3504.90377 6124.70123
3720.86522 1943.38766 7853.04049 9725.92003 969.58740 1253.73364
1896.95968 7951.78795 9790.55577 8521.67945 666.21256 9493.22518
8130.60771 852.64551 3017.23162 4190.43011 9446.76526 8263.77851
8477.42407 5128.68987 7356.50851 2003.81622 9269.21864 8664.33740
8405.01237 3479.80284 2814.30682 3461.41803 4814.01804 4862.07321
8789.16150 5814.54442 2198.85118 2183.46505 8593.93231 7450.34521
7768.38942 4736.12999 282.37051 8593.63888 8010.61356 1910.59890
9179.63131 894.72167 8889.67259 53.88273 9121.28503 8219.44239
4416.23883 7326.13091 8026.18228 2486.13223 9903.67138 4222.62542
9933.64716 3054.00180 3608.71448 3795.44378 9158.53898 3058.41955
6647.75542 9202.63632 441.88156 8396.87043 6316.56263 8195.54812
9538.93500 484.65254 4619.34377 5338.60925 4371.28928 6787.47728
6844.56493 3988.77217 9200.22121 8653.11879 1981.49032 5287.05026
9983.14047 4231.98888 383.42641 2353.68306 2407.14272 9817.54851
9866.86109 3860.44440 7292.11865 4332.07605 3637.49042 2713.53904
285.24498 458.74470 4585.92918 4263.49071 3833.54011 1955.60617
1712.40870 8348.25195 6743.62246 9082.92989 179.82221 1891.56096
1639.97755 3911.59159 8235.27442 407.15866 9850.33710 7827.68310
9322.19498 8960.63147 9914.85206 7649.39909 6957.87760 9129.86740
636.98362 6630.07307 2884.08893 2900.77329 8866.95876 28.28668
4452.25499 7761.74357 8418.84136 3904.73728 4551.98125 7201.26175
3793.17106 9735.72225 5637.57852 3396.33739 2677.44983 4081.92041
7093.29039 5232.55868 5468.66589 5545.13718 833.72047 944.68153
3766.56074 9663.14070 7189.91797 5795.75919 5865.81465 2493.99622
174.10573 8586.57832 3786.75525 244.71681 4132.08985 3649.34478
1391.40628 6169.52620 7724.16611 9687.87003 282.80516 3899.60437
9840.07396 9344.18128 6691.52330 5170.69440 5164.73912 5834.82437
398.01765 6170.22908 3409.09663 1134.68880 2898.89682 833.10896
5644.82137 5099.28258 9318.70860 2352.21889 7621.64388 1316.38235
6477.24371 5084.38067 3670.39066 6899.34403 4599.42882 321.34859
7737.24812 8276.67640 4802.13215 552.16837 2730.24700 5719.82478
2578.67353 3452.23119 6882.18736 4077.22924 6935.85659 6121.32028
6104.76842 7020.82482 6198.74181 2090.51404 1621.17956 3398.64369
3681.76930 353.72074 4806.07587 2944.00932 2516.89542 9857.45473
9859.58564 8764.70892 2658.10957 4303.90711 1061.76876 7963.50942
5157.69651 8841.78243 1357.83877 350.80211 5490.33740 9656.12817
8704.96120 1269.33257 8095.61004 5353.61382 9598.03593 2937.79221
426.53219 3760.61921 3676.99593 7102.17498 9042.23434 7586.15929
2154.41234 508.40479 324.87411 8039.00214 658.99062 7915.46383
299.26198 6461.83847 1811.87655 3069.15022 2706.46003 9027.43441
2217.35004 7706.85162 6011.90478 1166.23798 6414.84313 5501.35317
5070.84930 5060.81066 4356.21484 8569.86079 2207.66685 3020.79742
6200.38822 5213.77058 6082.24568 8555.06532 8130.60809 256.45778
967.83060 3664.33410 4201.10513 6776.29323 2597.74900 7361.99468
3269.89835 1158.14857 3119.13804 199.53498 8096.77110 6135.32533
6231.14435 2341.60014 2773.23395 2638.92099 9455.80499 5662.33598
4652.97284 2098.18683 5904.88445 6766.17001 4163.60192 9172.32867
3734.72543 8434.17979 939.81040 1172.89601 3594.33750 4319.17878
6053.39084 8496.98947 6147.63390 7213.76866 103.47469 1468.98645
3587.35095 843.00788 5984.28960 9772.02203 6018.95469 2272.99876
811.83449 6780.04497 8786.80305 3202.67886 9228.05803 3167.22122
7016.07240 7624.03110 1100.51433 3157.10994 951.38052 4744.33727
953.18707 5840.58803 5915.59081 736.40533 4357.71929 9376.55700
5103.23732 3240.43276 1593.85898 8904.74864 9423.03725 2449.00587
2675.19362 7059.75419 3055.60332 7559.29432 7484.78945 1622.89847
3884.16932 1536.89969 154.19270 9934.24757 7302.90435 6617.69880
3546.65557 2438.61222 9808.26124 3719.90667 873.59450 2154.94994
5629.63727 6325.77139 3069.10544 1770.86252 2379.69887 3784.53871
8134.08188 800.08645 4944.71590 411.92980 3766.51306 5797.65335
5888.45168 3446.45573 7566.87322 8908.97001 7534.43688 3880.20450
8973.55591 5456.27373 6881.18621 3434.40474 9400.76289 692.34916
2553.84971 3054.93588 5525.10639 3174.89658 9082.84059 6374.17179
259.06873 8086.84292 2204.43690 2195.59045 8498.85017 7335.90131
7102.33003 5380.01363 6309.04907 2848.71143 5682.09240 8756.45817
5886.25949 3085.99702 3579.26739 8724.61918 6553.92606 7927.31154
441.34840 1337.10055 5251.83556 9596.60099 4339.01568 5410.72639
485.29304 1436.99300 2092.80993 4924.48711 5253.97879 5548.64741
6655.87933 5105.95869 9297.72765 6788.37830 1784.28724 1573.14105
722.13952 4096.70527 565.77331 1672.45294 7344.49526 3143.41028
4926.81776 5973.67271 452.03268 5966.55555 9274.59191 8459.67327
550.38854 9395.48627 8800.10808 7871.32432 4630.81855 3601.43465
1164.13601 1652.89935 4793.68444 1317.09760 1344.72069 5563.33508
8080.60666 6619.73146 7922.62732 7871.03056 4373.16989 2539.69802
6965.39329 7451.16401 9731.88446 8505.00062 5875.37395 8678.51563
6056.88076 9180.52819 8159.08361 9241.65627 3735.31036 9564.14459
8309.43153 5828.36312 562.83181 9375.62589 6710.44265 5105.61839
5214.14906 6756.87767 4409.25180 7449.74530 3233.52668 8364.24320
8789.92734 9164.28841 3937.16759 1894.37494 8389.38350 5682.29105
8932.93324 7367.54627 6288.51647 9913.33323 5342.23833 5103.64207
5600.56710 7078.36364 6480.35984 2495.83894 1956.27231 1695.39337
9772.52543 5336.64469 1958.68972 4609.93922 8317.78496 5882.89109
5682.55835 4992.37997 6375.16752 654.25454 1848.03026 563.51223
142.28379 2921.56784 625.42996 5749.82559 1163.63597 9027.47824
5082.39853 6541.27307 8049.52568 5884.77091 8598.51718 5954.36505
4406.08616 2110.08052 2723.47464 3148.95893 4542.31642 3344.50607
624.99071 3537.95568 6444.57489 260.72447 5902.59548 3593.86067
2178.50183 4036.77957 327.88356 1300.74801 6185.43679 6814.34275
3352.71187 5068.24606 7609.11303 5168.75727 8250.36712 9517.31331
8667.88997 6043.87714 7473.84083 3612.09825 7486.61486 1297.18323
9062.49105 7718.85112 9531.67384 586.08928 8368.41564 8045.45311
7889.20334 1357.83352 1043.07194 4505.58311 7783.21380 3169.59863
9801.39572 2231.82068 7285.87288 9531.96757 1146.40394 6119.33602
333.33094 2907.55395 5263.69983 947.38041 674.09116 3870.74002
3122.93054 9703.69108 7032.10055 7823.96983 5332.08804 5831.46331
1323.51433 5418.26239 2807.58560 8679.75542 9347.27432 9523.28088
9084.87773 3712.23740 2853.67922 9813.94982 8465.62195 4332.71409
6519.78886 7307.30644 2184.13932 6608.92085 5090.42051 2972.46484
2408.99602 8409.08013 5366.89008 5545.63196 2542.73866 7225.46748
668.24392 6434.73286 1830.27807 9140.25966 1554.00158 7750.18698
4277.99722 3946.19412 547.61807 7926.17205 7929.62621 4284.18015
8828.95108 8557.79499 4929.93324 5245.38192 4316.28093 9242.77348
5759.14867 74.33561 5917.61380 9300.28762 7133.53971 9348.53526
6495.73125 3766.18730 8932.31343 7319.11628 9566.81839 4268.85985
1784.32413 5195.54350 6907.63222 2188.82463 3761.77170 5708.82223
4573.76359 7355.37442 6582.83942 2510.04552 3664.42382 3125.01176
8431.27169 9046.56511 4926.65273 9215.01079 3443.12194 8308.35937
8918.97348 9620.76857 4525.33294 2577.01646 5302.53920 3174.88478
3158.85187 8195.49171 9092.58067 560.03117 7295.88623 1106.79761
5394.17565 1438.27532 1232.03487 5178.09827 8535.50917 5067.96893
5793.45087 9426.58147 5260.41210 3133.47168 5372.48134 9546.04360
5801.81252 7701.43206 7510.93023 8319.15108 2111.66675 9478.25087
1023.81621 9595.77475 9715.19692 5903.37837 4746.14310 3205.40990
3377.56167 4698.74630 1811.82135 7757.93628 4619.15923 9324.22553
423.64441 8462.83174 8241.64481 79.72890 8917.16654 4176.04446
6014.12282 5057.45360 5162.75758 5505.75628 2419.79360 3881.52209
4505.62606 4026.27434 3960.36109 6945.99919 7818.77716 6867.07544
3382.15120 978.77388 2208.12995 527.81431 8793.53455 4630.11266
228.10896 6953.13389 6655.47241 8719.19092 8841.62243 3176.27024
2081.49546 1365.34342 9182.87392 8721.16697 5895.33537 7788.77663
4659.21863 3598.99004 7401.26859 3390.28862 6086.73652 2248.21761
3889.00378 1597.92851 3276.48451 2638.91614 5087.36629 5113.75921
6816.98676 4292.98739 902.77036 6005.82111 426.80693 2524.79576
435.47399 9579.27179 4535.79739 63.39055 787.20857 410.94481
1238.42014 862.17819 5186.11461 1204.92892 7221.23304 9394.22278
2099.64040 2706.72429 3539.15727 4174.61839 6138.31111 5807.81246
2396.13669 3014.82092 3175.36399 6079.43344 2672.52489 9398.31771
4228.90932 5649.02209 6439.46972 2681.46419 5097.21350 1552.33577
585.24305 9306.50188 347.70845 1417.18451 8284.95128 2003.20319
2664.85297 7995.56275 9045.83100 897.36107 4866.13472 8990.23846
7527.83473 6729.97181 7956.12308 5525.03128 5611.67351 9551.45577
1949.33731 9679.32900 6088.66427 4133.70565 6065.96890 724.52641
1813.72679 4907.90955 2378.83416 4848.34034 9174.86585 7289.45687
8908.38746 4996.55310 47.25968 2934.78748 4659.87826 1078.24211
5556.51326 10.34070 22.04019 5104.29980 3659.48739 9854.20588
1986.79322 6118.72876 8328.16516 9066.15390 2193.05315 4716.69476
3857.53202 5504.25510 417.55453 9391.43582 1943.63145 5208.65280
7146.65872 5460.91251 7603.80840 7937.61297 9062.41730 9312.58868
2002.07227 2788.58965 6670.09832 6307.81318 3538.85228 2148.69769
6525.15067 6851.53296 5888.09958 3071.84440 5674.59038 4134.43657
8031.92773 4232.92485 3294.90184 2803.07630 9138.68170 6372.33028
7496.98267 6647.52780 5874.45792 3231.55125 3935.00445 9925.93955
1133.98208 9600.90818 296.96216 9398.31129 6436.55310 702.11585
475.91567 5231.85333 6739.46089 1132.83728 8033.92843 6419.95328
3718.03720 6043.25160 3100.42048 5347.87787 589.18179 8896.70711
3663.36743 1200.11777 1713.01826 9129.46168 3629.97024 5251.50182
3296.95953 2109.38726 8428.39414 4745.53417 764.95103 4140.08615
4809.09597 2668.54910 3712.43296 2887.08126 4004.06630 6608.84020
1272.31906 3115.85879 7297.52733 1457.25953 47.47666 8898.91548
9541.86294 6965.33049 1091.29486 1569.45162 8772.04505 5492.15861
5760.76434 5895.73141 1921.47795 2881.10136 545.60648 7722.30825
5939.07147 4686.44850 2451.24120 8742.09692 2180.91626 137.60327
1047.48567 7451.79667 7971.67963 4714.30332 6054.92975 7444.00953
2274.99986 5895.48816 4292.41704 4410.14971 8633.02700 741.73104
8009.08118 6677.89654 3470.67729 8254.83255 9411.12550 9860.12759
3613.48856 3055.54355 871.01716 6572.85477 8094.43162 5918.04835
7960.58369 7398.30679 1398.51787 6764.57635 6775.30934 3237.11703
9881.74367 4829.38312 4454.13738 3577.10270 1103.03038 1081.58599
6170.34291 5851.32896 7097.29446 2702.83795 4793.58216 4568.22375
291.26021 3308.43243 526.07945 2250.14965 7965.13198 4650.47782
6430.53726 2511.73177 9307.27207 243.31019 6481.54685 7583.54251
2278.09459 2381.50567 3458.42798 541.84788 2609.58677 3642.13208
2855.35989 3061.08159 5881.67449 3221.38302 5663.57467 2277.38599
5418.54118 3439.30672 3082.83016 5147.50236 2589.93407 3468.46946
4092.54734 2073.54960 3413.32849 2294.93421 9628.38672 8573.41800
7601.43933 1916.53614 7731.49473 8545.42626 7033.87481 9255.81463
1863.83011 4212.79996 8749.52858 5717.07153 1553.76366 5980.63841
8556.28610 7064.66408 9815.78150 1634.47666 4455.19908 7913.18959
2167.36848 6198.01703 3622.72282 7422.63352 1100.68591 4640.61193
2371.58560 7173.93694 8090.37651 8043.00257 6058.89698 1287.49816
344.50819 7713.69295 7390.98103 7294.73749 6673.92932 700.51101
7898.24766 2057.98079 9162.25574 9723.15843 4787.44223 9220.23032
466.89531 9001.89375 9151.64723 3450.11787 4739.20161 8853.74339
6142.23514 8484.44826 2828.65904 5313.77229 1556.64009 7666.09355
7439.52628 3423.58397 9650.13055 7198.83130 7256.47256 2313.15898
2812.42901 1282.51465 8309.86366 6435.17593 6544.56641 3053.98127
2619.72614 9040.78888 9882.98846 7988.44352 9937.22165 1944.81403
1575.70731 1872.09643 7857.51699 9672.10015 9018.16085 5491.60179
7040.76812 9106.87677 9242.47659 590.88723 5725.21083 1582.85963
3061.49849 8373.16851 3237.93505 3999.18654 1850.50497 7839.95187
5154.36308 50.04868 7026.44408 8226.83403 1455.91629 6630.01189
9136.42087 4961.46759 5962.23984 8931.34093 7790.57420 2578.38803
8333.75483 7964.62169 388.55822 6196.28424 332.57338 8693.36364
3823.04801 6386.54243 5960.55434 8010.55416 346.31768 3905.60952
839.10567 8451.86152 55.64736 9858.17641 1756.15327 472.69767
3390.00613 1806.18590 8706.41165 8712.44686 5796.69798 5048.67271
2845.92954 2853.15153 7898.71549 4855.16205 914.81849 8928.86905
1266.85218 5424.13253 9109.64869 7103.16250 6698.16099 7202.35423
9990.07487 904.41098 3232.61881 1611.52377 6744.58461 6879.81094
322.60204 5035.12955 3163.62071 2782.60797 8740.66632 206.95418
4717.61730 8226.50385 3525.67312 4334.13178 1275.48940 6051.75482
5591.49832 2463.19001 9470.00830 7256.50877 1487.79752 7990.30595
6514.31056 9623.66581 3642.28343 3161.20017 3856.29649 7049.86804
2994.21404 9713.50306 3124.68678 3563.06169 4219.50587 3844.43542
5977.82404 5065.76406 4131.15752 2369.00149 8237.42493 5223.59501
9612.12584 4822.31106 8248.01540 5344.48050 7353.82969 5956.02793
1561.23890 1933.72974 8786.17628 8684.54409 6892.78086 2086.30728
6552.98941 1860.82249 6750.28697 4937.85560 8783.64141 204.37363
4796.13459 6244.72742 9170.96389 9703.89472 8160.39801 7921.59202
3250.49504 6848.55689 7378.70237 3269.43212 5191.46843 7209.33035
9958.83824 3796.42236 1728.95537 4652.97387 1502.08630 168.94439
1758.00180 5896.49266 7861.24066 5953.26727 7850.00398 3017.36086
695.87017 2721.97686 4357.63378 2586.13560 6373.96334 4127.23586
9656.19170 1076.02594 3021.59527 9750.85682 6790.00884 4589.82472
1981.36604 3023.60118 8711.56689 3733.44933 7091.50875 5884.94788
3027.54237 6407.20391 3237.63357 2923.76708 8617.59610 1943.10943
37.33810 6115.41076 8523.29490 1.53625 6450.03261 5068.14563
7804.50269 1222.69417 7710.94915 7885.05652 8857.38824 8485.87811
5956.47271 6502.27549 646.61150 8202.72317 8168.65853 175.65743
6947.79887 820.67085 7974.11319 5255.13472 3196.18074 456.88174
4116.11126 4272.74216 7455.20167 2692.86404 5261.00694 2415.50954
9352.91343 393.56351 3136.69069 7610.09586 2600.55776 7847.28006
3938.44727 427.08208 5996.90448 900.07859 5376.70424 6306.89789
4944.24200 9025.30935 2866.59117 1521.80423 7340.67551 9470.77679
9511.84712 6890.22316 3045.42589 3726.31249 5716.30454 5299.63954
877.60529 8487.42857 3651.05606 4105.94128 2829.42211 5456.74132
2668.69750 9794.52267 4938.71525 194.79251 1578.21759 2248.55219
8045.18548 7396.48454 589.77667 6879.99369 8825.61212 5433.54250
8550.72176 543.29134 4343.98746 9538.38080 5693.44589 4718.29500
5621.25158 5148.07976 600.76126 3053.20961 1949.16398 1217.26235
8342.40048 893.37537 9278.04135 9592.94552 7069.83709 7842.33658
7090.98132 913.52696 5097.63048 8716.72630 2944.19134 3234.85943
9139.87994 9343.74875 2367.97654 1530.37863 1425.24163 3506.73393
1452.66271 4164.94058 3356.97505 5691.64050 7029.07876 463.01346
5154.94430 3892.00449 8720.22746 2336.66211 1484.51142 2555.18509
4966.72117 4278.16032 4486.65565 650.26983 340.42889 8722.42023
5315.12987 1809.18725 3228.74649 3567.22035 4386.58155 8155.38702
7963.73052 8240.71512 4577.24234 1433.04862 4997.16096 8504.43555
255.55048 8734.28839 3643.00003 6664.73551 8632.12047 363.13534
5411.00574 1403.56308 5266.57124 8910.02308 9869.89519 7581.50690
5611.81081 245.27142 9453.34478 2992.69639 4964.37388 5420.81742
9825.96000 1823.64035 263.80572 5790.73509 863.22288 671.23764
8696.08165 1192.99977 5830.23892 6354.64437 9530.84865 285.46825
3871.24049 3817.53034 5374.16685 388.31843 8063.05314 4711.73258
4126.04477 598.08417 1592.10271 4461.90188 9999.82870 4367.41674
7850.84800 2352.68113 3905.30713 5215.60201 695.90855 3763.03979
7393.88381 5414.25792 263.27613 6808.10889 5664.27592 2792.41129
9690.64118 5845.42090 4468.49755 8240.96837 1925.35782 7395.85710
2058.64446 8640.34334 6834.50758 8892.83706 3316.68320 5846.74245
9414.41308 2198.75321 9381.49997 5334.93020 7124.12955 9069.50125
5042.86024 9059.63287 6519.36255 9815.87801 6710.53019 8399.56312
2681.18018 3061.15974 1904.08333 2022.59201 4889.77039 6389.68037
7549.23958 4972.97593 1635.09402 617.72512 4769.38166 6353.39700
4095.23510 4751.75212 8798.33539 9138.28539 6157.53207 4904.96459
2307.95321 4083.02121 4141.13304 9021.00403 785.96948 5432.55949
6989.18213 118.56376 7313.27474 6181.62096 1342.47040 6455.12038
337.03537 1705.16684 3504.89253 3877.88550 5151.86108 8994.99340
7432.62264 1042.50816 4351.66713 8979.29796 340.44148 8684.53941
8237.72272 2677.22143 1001.93677 2008.87214 9349.37073 6991.56552
7975.70619 9858.55253 3769.86717 5288.30544 1264.51929 5199.70153
9718.71674 9222.82297 6599.89070 5386.64907 5061.80408 5086.10641
6108.97465 6505.32705 311.77985 6802.18563 9129.59094 493.99394
224.77241 685.11470 7104.45948 681.71524 6695.73752 5648.33181
2747.76268 3040.85595 7268.62184 7581.19425 6216.33103 3265.07195
3922.86874 1852.04090 2751.45230 5719.69124 6130.97459 8323.24732
5420.87667 9073.18127 8280.21188 5569.27736 7390.81966 3015.81924
1947.11598 6718.36441 7821.19255 7475.47006 4989.10169 1659.40761
6938.35160 9578.32765 6614.88726 2271.33859 9561.95262 2426.62304
5793.87575 3794.33745 2008.41576 8458.79026 4131.63996 1847.68004
4600.35201 8754.39041 2030.59565 5022.86401 9666.00454 2975.39843
2045.50990 4869.56670 7079.37206 9737.43004 8779.35130 8872.88814
19.58994 3049.29656 4936.49789 9120.59071 2086.29549 799.56067
7521.16112 6586.25855 6823.53531 7897.40026 8728.57178 1841.00586
9603.03431 1384.24765 3533.62550 7122.48379 8986.84655 1410.23154
9500.60682 8073.33261 4188.68627 862.76572 5709.15078 6559.86757
8408.04298 2084.95174 9144.49352 5659.23283 1605.99367 6760.71896
665.99708 4664.23440 5258.36650 671.18247 4441.67897 6922.08555
801.04843 803.50952 1417.10387 422.97915 6607.66805 3663.03014
9292.09224 5279.66400 6574.54373 2327.69184 7058.00615 6862.27403
5131.36428 324.81349 1795.31319 7844.75325 5535.61958 5080.66408
1125.13661 2112.08768 7908.45611 598.37199 1634.99760 7106.10011
1328.95607 7537.03652 8059.06567 1722.38319 3778.35732 9718.79975
1451.12086 4969.45649 1551.72059 9208.61576 4104.41015 6244.40670
5500.36778 3392.15707 1882.33450 2270.03695 4689.42079 4759.14979
6220.63368 7837.00231 5573.86139 9728.31681 7471.48183 8326.82439
8922.93709 1281.82305 7258.75057 7009.17919 5167.04825 6315.82219
4668.73875 9880.57381 6538.59647 6010.44874 520.62428 9039.47540
349.03697 3551.92821 6638.25919 8076.64692 7983.41321 635.65270
1655.52321 3939.24512 2796.06654 7224.21083 286.48984 5704.53642
9931.24589 6978.91775 7099.85725 3909.53901 5164.00589 4099.71351
5349.96650 6806.28621 6864.42056 4912.89066 6428.92985 1326.32371
4301.54916 8689.31208 4514.49159 6308.58618 2164.53787 8146.79340
6040.48056 6421.47404 5047.19329 2085.57178 888.02628 78.30389
1697.97464 5840.70717 6026.58861 5594.65698 4259.67270 2087.97447
5435.31014 4831.91496 8580.25682 5656.72189 1.54347 7222.13763
9149.07740 3218.27978 1774.73507 4999.97610 6830.79653 8671.69936
3994.25973 5110.32504 6061.43468 3061.04790 1696.08454 1843.76195
2359.27306 6461.69856 2791.36747 8385.17783 375.25006 1554.70350
8931.90090 8436.37401 1871.12943 8287.56442 5700.20638 5832.93481
4469.16555 8396.40576 7114.14684 9125.04960 2148.24683 1429.33435
2951.23513 3219.06633 9901.60172 5790.98586 5321.77442 3429.70880
362.74864 4503.08356 7777.61937 1094.66565 2021.78328 1867.25468
7902.79171 713.89516 8689.10148 6902.52561 5580.88438 4150.38015
5278.46254 1223.01287 286.77388 5472.26452 7575.26305 2842.80921
5083.38383 7174.44631 7.88302 5371.95167 8659.34240 3685.88183
1931.68899 4377.71716 4128.45767 7700.27494 3607.48292 9208.21741
3904.26772 411.83344 1627.10302 8181.39066 5339.51282 1091.92673
9065.10979 5936.52283 4118.32831 5298.56444 9299.59887 4043.65168
997.64751 6162.98920 3364.69547 6495.17465 5199.83797 7705.83104
5228.59802 3160.46315 8847.02963 8656.70928 9009.54043 2451.13933
468.25628 6908.45284 6341.83998 7843.98298 691.62247 6363.91821
2106.59759 8888.59698 4319.65599 6428.08407 5907.28892 7089.81561
2725.31477 513.62502 2657.88932 599.20377 2120.96366 4585.70584
1143.62977 5678.27224 2514.61087 4389.43957 8376.75746 2093.77763
8883.75710 9489.98164 5492.34337 4000.44991 9977.69489 7605.62932
9676.89933 6569.43889 5293.14239 4278.82451 1115.83636 8086.57793
7599.88084 215.51212 7179.52896 4622.40467 6916.84443 3613.99404
582.55101 875.73457 1749.29677 3023.80202 7157.21793 1888.30029
9014.24779 776.89578 7648.84466 9986.47632 1820.09665 8277.08225
3735.62374 3859.46985 5554.76041 9851.08538 335.63330 65.04101
9187.80346 5455.65429 1173.43460 8791.79108 6295.03232 8267.67156
8551.31483 4251.53650 4436.44304 9056.80814 6764.84654 3807.60312
163.89201 503.07896 5599.94653 6362.18662 8070.19746 2894.17886
7790.74675 2566.68561 3734.43363 8080.11337 5444.58489 2548.43298
8229.21071 2301.10442 9152.15231 2935.03263 2473.75047 7017.62978
5634.89165 3428.79531 2484.55369 6456.22598 9559.19509 3218.08889
145.60052 7332.36138 2772.40642 3081.21669 4239.18073 4686.35415
4968.62868 3923.46606 5136.75448 7300.10742 2731.75300 3113.90567
3171.73614 3273.58900 2345.06240 698.06360 4671.74073 1627.03324
9040.84658 6525.34877 9440.92255 436.00505 9753.28812 3238.13218
4526.22579 7016.88519 8156.61855 5549.77650 7409.51384 6494.18556
8162.85263 7484.04396 6046.71557 3661.00344 8484.73896 2720.54141
7674.26485 7558.34085 6676.32514 7162.50877 6870.62946 8320.72401
885.61686 7013.44773 6323.52081 7720.31216 8165.93306 5857.70054
3313.78776 9451.34254 9349.73876 6217.86198 7950.76542 1670.49349
6690.18518 477.93017 1313.92132 927.35679 3089.28249 4495.23626
3462.09384 2664.01402 8484.17068 7928.45836 6345.27189 9557.74392
8317.47001 9207.29764 2130.67999 4892.79560 7142.45234 435.12444
5303.62101 3733.51148 4475.62699 470.95039 4990.24019 9520.73979
2707.65049 1523.24210 4698.45200 2605.53727 7552.11384 6485.05717
5843.26830 9099.07991 5265.07004 6205.76257 8608.22434 9946.83909
8056.12409 7211.18320 2177.39649 8387.25621 9778.10173 2425.55862
231.04016 8068.77956 65.38838 7968.63541 2495.52023 8791.90345
6032.44049 7244.91401 6801.16806 9463.82429 3923.35834 1508.35521
8584.87361 2980.89402 1701.66558 470.92680 4418.47733 4843.08270
9318.87458 4215.60983 1688.02256 1942.57534 1952.90470 3902.91525
4321.06100 7461.81916 7167.33992 117.14674 8541.56035 9920.04260
6881.82118 4342.81406 9943.35687 2704.71034 1569.65867 6940.13477
6273.44644 9400.60493 5602.26269 5722.62626 2953.45278 8143.44574
1444.33495 4944.16503 5357.11067 5572.85042 3294.95007 1381.91296
35.34525 5854.21666 7868.23960 5696.10618 923.21068 6242.68561
1987.70854 2106.33727 1370.08914 4208.05016 3645.18537 6682.87262
7811.08755 9051.59457 9075.32204 780.72286 8879.26584 1478.81746
6702.25791 4004.34338 2377.98213 3346.79461 174.72746 9450.37698
4723.22896 7021.40113 4378.83885 1924.47974 6826.44079 980.56511
6463.96626 9522.42507 8889.05534 6613.18523 9002.35863 1152.69086
3213.70710 8445.50042 4278.65917 4910.19950 7812.21831 7103.23255
861.11296 5809.28768 5179.24599 6320.34701 780.01409 8575.91706
8595.87314 253.59705 8680.96507 6322.04715 6101.03060 8220.04863
6870.85636 6977.04877 5245.97894 7802.94770 9607.11455 5374.09157
6139.33353 8758.00419 4739.32390 7406.85373 6969.09503 2160.86710
3177.35584 7896.06230 3564.31586 2859.10597 8690.45920 8042.55873
518.01534 3554.50125 7281.85630 1015.09214 3899.50684 5692.57771
8017.77009 1339.99965 4677.30008 3830.18901 2683.01028 8681.99997
3342.94704 5398.35399 3977.33869 5227.51602 4609.19655 3552.46706
1687.13058 1898.32266 8222.66691 9488.87635 5528.08398 1446.01560
413.43157 7394.50274 1363.19668 6387.47395 7873.00240 6981.21840
3504.23690 5089.54642 4197.47984 3422.77381 4298.52818 5025.47500
7119.92145 2144.60502 1177.58903 2374.22080 7417.44615 6796.92292
6671.86182 4114.95678 7095.22723 3769.89126 746.57336 5605.85435
6822.05275 6370.76507 9815.60450 5734.42957 7680.74021 8579.09606
6767.98291 3805.89194 8307.60105 9300.80150 6007.37455 9389.80897
8263.57590 1109.50824 7342.75079 2293.10782 5055.20770 306.50792
6907.70204 1353.01930 659.43353 6509.42152 9558.48766 4891.86509
9536.81172 2727.13794 2763.49053 69.71464 9804.57038 6340.80091
1853.20559 1137.52834 2461.99875 703.52967 9366.58516 9376.57212
3403.02771 9375.18445 6916.53161 1889.62770 9803.61977 798.86725
9378.95943 630.71066 5758.02674 4415.92968 1001.33757 746.89720
1519.51606 5660.75811 4109.46787 5582.31604 7643.83392 4269.40843
4701.08477 3786.93836 9423.00981 5457.27229 3452.50797 588.92651
1121.16565 9544.10402 9189.61279 1893.89447 6141.91223 5658.43132
2233.09752 3277.46994 7883.08397 7405.61409 8675.14593 1786.93862
9578.79140 152.58302 3459.55301 796.91570 4266.57932 6023.03772
4258.94955 5598.33467 5695.38517 3474.05560 6053.98987 3456.62820
9805.79448 4839.27875 7630.85491 1602.67887 9653.65723 9984.35990
1105.24817 9098.41793 7170.30076 6968.33750 432.38853 5218.96458
3947.61891 9875.18362 3231.52204 9191.83349 8330.57658 9902.52465
466.46048 7425.72408 2013.98878 431.58593 9464.42075 8993.43997
5912.71745 1512.33806 2328.91731 1455.24544 5019.68807 4994.14832
956.06267 7022.45288 5724.24746 6613.73973 6139.58566 5707.92444
5390.16635 3185.87507 9293.17724 8376.41386 2344.96624 3049.16309
4932.68862 8967.11292 6323.13028 401.42131 5720.92644 7576.76472
5846.04764 7466.19537 3299.27867 2366.86679 6053.34574 3270.86049
4211.98373 3023.97298 9395.10125 4391.10403 6434.80387 9500.47834
5308.14184 3156.22774 5054.05270 784.47086 1206.96016 2333.32709
4047.18862 3827.78442 7.30479 8040.12610 6848.30043 1665.81710
1513.96431 8822.52820 5711.50424 4263.05176 4266.81647 3108.53501
4257.79536 2521.75331 7679.32066 667.16748 5965.21171 2615.66166
1480.48119 9948.95321 2618.80037 5959.62488 8979.91109 181.55511
3025.90590 7506.67322 330.11829 6246.47286 3177.69854 3755.64550
1178.24635 4435.81469 164.37572 8164.01012 7723.34495 4576.29464
2453.46035 7798.65184 6288.77515 2685.10864 9215.65088 707.99500
3419.57404 3958.23022 6201.25494 2392.03250 2235.10269 1561.73394
5386.01941 709.25077 4168.35624 4874.20760 1476.37253 6675.05379
389.52615 814.78576 7689.27660 1028.38679 708.72291 7530.45634
511.66611 8243.35918 1132.06605 8262.42814 1764.78997 6076.54836
1821.66216 4241.15702 2485.78476 8884.21028 9075.06139 4161.40918
7611.87874 5490.71507 9617.20636 9191.13350 1064.14996 5558.98969
7845.04281 110.14938 437.22378 3919.40621 3555.80167 8472.65045
3230.54154 1172.96864 7024.76201 2342.98493 7455.59405 3076.02250
5963.52607 3497.10688 2443.13838 5923.48009 4469.42477 2151.09315
6301.26340 3467.58148 2111.61531 782.53220 2976.77940 4880.56781
4373.64331 4680.02036 4323.09617 417.57728 2279.89467 6674.80497
5059.65604 6480.27026 6237.76670 5212.17578 7934.47831 6055.67611
571.11603 6543.21490 2382.36811 2992.04170 6125.16836 532.52732
6791.81012 9429.66947 7908.68290 3627.85759 5593.61866 5144.50945
964.69660 24.69909 967.43814 3758.23376 8399.69697 5094.06459
4025.16449 4080.98603 1848.57458 6759.97276 5307.35246 6745.62702
7758.18218 3745.64296 3750.23368 8756.82568 4228.96157 1187.47373
4196.04054 3749.15700 6081.76107 9229.89663 7569.26629 3369.16986
7827.05675 1908.89630 3698.99375 6455.51218 4915.07277 6330.38669
9532.82410 9289.17313 398.23312 4197.51480 6717.64576 2502.10848
6890.97554 7949.70980 2970.06866 5128.85427 2796.97686 1224.94049
4608.71617 8188.79701 4208.24203 6476.92053 8435.25134 4955.91721
8052.79448 281.77981 8382.66751 9172.84641 776.77809 3293.21351
9405.22458 3043.24922 2500.83650 6346.75894 1679.42107 7871.23644
1534.12226 9543.49486 4897.37218 3820.05831 3798.77408 144.07405
1752.63193 8438.04035 2642.18129 1160.74115 5487.98989 9876.32915
7197.79271 9490.43732 7700.78158 8619.73111 4300.74130 7944.82340
2679.03125 540.11370 4791.79557 2192.27831 3683.41964 1944.92996
2371.58770 4804.30251 2234.59596 5194.43239 9294.83560 3374.74910
9167.04814 4896.92101 2530.12189 8356.93291 8909.49820 4072.31478
3157.13975 7218.13181 8797.93660 4358.48628 2591.33011 6141.22957
5761.51391 8443.55846 9058.86903 1191.54404 2381.75790 3788.44948
7435.87662 5206.62297 5650.16933 6371.30055 3433.72704 1421.01506
4294.00939 9765.93105 3397.21147 9349.46073 1149.12994 4787.27797
9525.90692 7459.87137 3193.02902 2284.26267 4470.25754 5788.95735
7440.84593 7920.26159 5835.75323 5006.13410 7567.71304 5581.73976
7050.58752 6556.85228 9141.07516 9998.38848 9522.17907 3898.31517
7794.55328 9718.75751 5603.44281 5743.40713 7989.43386 6485.16511
7725.10005 5470.64933 2438.15755 6993.42703 7206.01486 4907.56773
1132.60372 2973.85500 6576.54592 319.10569 2971.47688 5465.89568
4599.50769 8668.68719 9918.28737 1176.76778 9296.58199 4240.55228
3717.87912 7051.60164 687.66072 727.91246 5297.04306 1103.60165
1467.93609 2912.18997 8936.06568 6009.17055 3819.03792 451.03447
3502.92896 926.68230 4327.16888 6390.87024 7286.86529 9709.27268
7987.73834 4146.63224 2800.67651 1454.34998 9127.21486 5864.59877
2711.16829 3640.59646 6085.93152 1817.36126 9098.24280 5942.21258
3212.56692 2075.59591 6134.60627 7843.33763 4316.16533 3093.91881
4186.86566 5922.42886 7368.82768 6982.98634 8525.64435 489.82375
9157.34691 1902.04233 8557.16645 9907.30793 9163.28347 6230.66289
2741.43403 9468.57461 3173.11894 324.76836 6230.08941 7960.60155
2132.50521 6879.34702 8375.01283 2198.54002 7243.37398 7446.08865
7340.87054 5885.31082 4389.64572 9932.45277 9553.91075 9079.13199
4618.80028 5245.16490 3163.98625 7991.97981 4465.75944 125.24067
7382.42515 4124.55806 4294.08228 220.65978 9406.63176 7003.80325
4117.48503 8230.90030 4440.85627 1592.37029 586.10629 4052.06688
7185.20137 9610.69041 1828.84652 5183.56773 7542.00095 3495.93438
1299.10580 1215.61816 6487.67973 1096.60006 6546.20012 5166.05552
7246.66792 1718.69692 8769.02038 8925.09773 373.62993 6000.77735
7773.47982 7257.09513 3294.45810 2029.20647 2903.10065 3426.73592
8624.09018 1846.32919 7391.04844 7890.90262 9988.17561 6293.59827
3015.30703 6626.68012 8443.67671 3577.93664 7532.09666 7004.36779
9301.96768 754.05247 1527.77652 8117.75544 1161.55426 1796.69602
2051.29474 699.51925 2603.00693 6746.11623 2576.33883 6829.24861
9828.08058 6467.73252 496.86485 152.54671 4848.04729 2887.09155
8614.32586 1904.57350 8703.74856 8133.08631 1740.15731 2995.21192
1935.55506 1018.45099 2208.15791 3930.12354 8432.65752 4730.24188
4771.13992 80.10673 2240.22928 8905.54730 260.88932 9758.04499
842.36524 1516.16039 358.76113 9089.12850 2385.76831 1849.75652
969.13580 1122.77724 4958.37619 209.76417 7603.82758 1948.02471
4935.43478 9935.10282 7601.91939 5818.48046 6974.31614 4271.51724
1763.94760 7611.96619 1696.40753 9862.56787 9405.40151 8547.17357
2738.90042 5156.97617 4436.36789 527.22310 3526.69841 7966.64030
8980.20299 9906.39687 8608.78201 6223.32911 9232.30052 9088.02062
5152.56420 6817.44465 3921.58257 6271.45471 8963.82583 9674.04928
8642.40434 8370.89955 4919.15094 9300.58661 8379.23945 9832.25296
1274.64472 180.13857 652.12021 1188.37345 3563.53834 1573.86448
9768.10964 4033.37234 2772.94803 4660.39149 5116.97468 6917.27756
1192.14277 8004.66210 8065.43346 7741.80769 9211.86512 8970.11976
1931.00340 4498.68756 4825.33907 2238.96727 9625.24706 4473.65917
8702.06637 8717.61805 8283.04285 2416.23181 4899.48958 6368.34854
4405.57066 2792.23058 2211.48284 6307.16690 8480.80876 5098.76235
3504.62252 8267.04595 3830.78026 5002.21201 2876.62176 9440.14654
2761.94565 4661.87825 5627.19955 3327.29357 8318.90968 1602.77912
1877.68043 1428.80163 6028.79712 4205.90060 1715.15466 4072.80866
2860.02100 3388.99968 5660.88402 3280.00918 9003.55995 7912.61258
3521.41297 3216.65503 853.45138 8233.77750 7312.43576 3297.51668
6856.95919 9777.72646 5452.32065 9211.56098 8199.07796 7362.67391
7341.19651 8967.52030 9538.26573 6747.23999 5043.18758 6815.74100
4278.53841 9329.32895 1742.96040 2823.33704 2563.74834 4162.20938
9253.24479 7430.39913 5478.65531 5891.13078 8668.16945 3237.66510
9050.75349 1860.51081 167.12476 4451.75626 6566.55112 5011.50219
4758.41483 9918.19699 8650.21710 4997.78864 1211.75968 7420.76569
257.86289 4449.16797 8537.01808 9582.87133 7856.11696 381.28784
977.20059 4494.35420 7303.44751 3914.38770 5290.51786 8380.17411
9616.11361 3822.82193 6062.12772 6092.27408 4387.64400 7456.82866
7438.47487 6905.50189 8113.01148 9486.59549 9240.54848 3472.49048
4604.70810 4694.46676 6214.80361 6121.75982 9341.70548 19.37687
7225.93910 1602.25561 1642.05439 6349.51429 8129.59122 9167.01963
2049.87238 2282.95065 4859.06989 6224.14209 4128.91800 3900.34220
5430.22693 2056.86441 1815.40280 3857.50928 6396.08153 2847.25799
521.15494 489.03449 9673.90302 4523.51815 4874.72011 9483.27864
8042.44808 848.60247 47.01315 1274.83404 8040.04868 6188.53574
8937.34509 9538.01754 8164.29213 378.76270 4548.22200 3943.90746
9353.81191 2340.00232 5082.99485 696.32776 4744.73962 9555.89181
6023.90907 7205.19638 6888.36589 6828.53042 8730.60983 4036.67864
8275.30714 7954.21747 9996.84992 8596.56795 3076.60601 261.87136
7767.63435 386.17224 3824.01953 3435.21045 3036.59407 409.57343
880.76496 7426.04347 7221.04087 2165.77106 1477.48832 1387.14589
3996.52071 6210.44418 3448.99278 7322.71056 8193.79323 3403.93745
2311.98927 6660.16072 7158.63669 9110.44562 5232.55163 5112.55540
7276.86545 4168.41612 1594.68337 7656.26498 9240.72584 1640.89910
1391.17427 7953.15198 3100.08463 8497.16692 8191.39485 7152.79675
581.52919 9410.38486 9588.36146 2071.03539 2928.42387 9040.38947
4688.47678 8371.74528 6731.46774 437.50348 7555.47288 9823.30450
3744.00765 9161.45599 9100.61139 297.92929 6847.50438 373.62044
6861.46123 7390.35361 879.35338 3428.52942 2178.92786 4734.19781
2629.27377 2947.04116 4684.40611 6917.36528 2204.63932 238.10431
6864.91635 9154.03451 1719.68717 2716.58618 2052.92841 6153.91501
8648.75123 9633.32341 7369.77298 3553.37046 7115.68020 219.63211
4442.04503 5710.70867 2038.57207 1309.23708 6811.33285 2791.91266
2105.46275 9072.32179 1397.40591 9982.46897 3200.35102 7857.56890
3586.37074 682.00166 9184.85104 304.03610 9154.10361 1450.06619
6827.19717 3353.82567 6672.82977 8272.42825 1259.75377 1306.31902
2579.86168 6196.69268 9638.18730 5324.49877 3432.92693 2552.27481
8250.54851 7101.62466 8457.71512 9842.61878 4627.55630 4865.41457
5377.86964 5858.33670 5412.00929 2409.92566 2127.15020 4692.73499
7260.24258 4078.38718 5857.77202 5202.04216 9720.50422 4521.87441
1653.87831 2575.73589 7977.36301 9103.57914 6256.74655 2390.22483
9118.12911 1027.01009 7500.33086 1092.88582 951.50602 9282.88404
6276.66551 7047.06487 4167.49065 4221.24799 5480.20424 2512.92537
3423.36936 1960.22048 1110.58523 8262.77714 3423.46188 2270.01784
6981.13933 8286.66338 3319.49708 5808.68860 2058.36316 5895.70797
121.22200 6370.55111 5314.21255 1671.72722 7057.14982 2924.79114
7171.98147 8684.13305 6469.89612 5004.73108 9612.97110 5870.12221
9578.71674 2506.60612 280.44268 4129.73167 8616.97782 410.25497
9658.97542 7640.26875 6883.11068 8696.31467 9022.78294 4357.99175
4564.65885 2391.39748 9718.59644 1674.52167 7750.35842 1228.06672
4006.13729 5801.24179 9259.77018 5539.82931 9007.77787 2268.19595
6975.15378 614.02814 4563.41917 1113.97703 2097.58234 8984.97519
8895.32514 9724.68878 8653.60904 4612.02647 2527.65532 6460.08055
644.49938 1099.05961 2402.74554 9513.13146 5762.98616 1422.05349
2852.39480 5360.18187 252.12957 6304.67507 2378.09188 7547.05615
6855.39718 6423.50839 7983.50607 9663.21392 2428.15753 8852.67730
2550.64834 5694.04549 6612.58549 1768.32452 575.75500 1931.12852
5289.49931 2917.87120 7585.13755 3322.80234 9000.61873 1428.43502
4699.65584 4042.26213 449.25731 1537.58105 3203.66638 5340.46936
7954.34502 8135.37287 7513.34807 1560.31398 1688.95397 7480.48585
4220.89622 2871.49459 2082.81474 8897.21047 347.88968 1804.82666
8446.94339 7926.46768 4518.38690 8359.06774 1111.10488 9043.76084
5137.13119 3222.87925 9020.88822 9592.04674 8236.24865 2776.81934
8905.72882 9182.17801 4023.53459 5900.42350 7105.09428 3673.23189
3324.83039 7867.87206 1016.32671 4203.30419 905.40590 2154.51352
5499.56291 4110.02353 5945.43155 8000.00834 923.91001 8627.47554
8407.73924 7495.33773 2003.59278 6021.97382 2626.94503 689.69778
6368.52276 178.46139 2767.02894 3313.41291 2384.38590 1761.54171
9615.54742 2020.74728 8654.49057 2813.00530 4002.04774 830.06088
7473.95026 2465.85188 1520.17407 1816.65730 7009.62414 6359.04582
7522.84625 6568.09219 7862.47256 7770.96491 6740.22950 4509.16921
8772.61941 200.17190 3591.54390 5447.77951 975.88047 4123.55585
7966.18097 5015.64706 4588.77034 9268.64375 1890.50395 9428.74352
4194.94210 6445.53902 405.59589 8096.25661 5296.68192 6820.88841
8736.10280 1807.19366 2091.28235 452.21835 5133.67223 2652.88760
7841.58341 9477.04458 4882.82679 4798.67712 1826.78680 5171.98582
9866.43987 1240.81232 8104.12874 4149.68781 2987.60083 4641.01954
1860.47530 5952.48735 679.83716 5528.42985 201.34189 4183.20504
4186.64675 6604.92524 5296.37790 2492.96731 6630.08832 1512.23900
935.49603 8104.16483 9951.42601 6676.36683 5198.38017 4498.08845
5796.64221 1314.96610 8357.17730 624.02976 1938.54820 8252.41316
795.89741 2543.29689 671.28252 2518.49014 222.42002 3311.29091
679.39785 9687.69680 8202.41224 9975.68916 6906.63579 4298.57953
2375.71754 1863.69918 9825.23927 3194.55007 2039.84952 6585.44646
4140.02205 2905.01969 6143.92785 7862.21160 4355.33582 6701.28221
7681.85521 4133.85469 9750.27530 8018.20433 2127.84733 2086.12682
4732.26634 3270.73390 2337.51806 4884.58789 1554.31960 7866.14636
5773.93430 9031.03807 88.55540 4013.75663 6922.39119 7132.25747
1443.97716 7846.67621 4396.46574 4514.31787 1459.15839 319.60801
5229.19722 6653.89475 4160.72171 1350.93640 6710.42699 3907.31920
3844.23695 6048.53114 1194.12481 5587.38360 4932.16031 8872.91108
5824.20676 4068.64324 2318.38035 8568.63493 2570.38796 4116.34479
707.16124 4631.26412 1982.04832 7896.14901 6064.36810 1103.82733
7221.67216 1939.76212 1972.11794 4364.66921 3055.15985 5257.86863
7562.80449 7001.49686 9025.24627 2646.85371 2416.30931 1748.80249
2153.81842 5482.63575 2725.23105 4333.54493 5455.97142 5681.64355
472.01197 1345.83405 5561.72225 529.76600 8222.01440 5286.93513
312.01158 217.74538 8689.32834 1319.38487 6176.13956 6753.79896
8356.67801 8356.61650 4233.06071 4213.52440 6456.02335 4172.35418
4931.12722 7385.47398 4961.59359 1354.33459 9616.54719 3496.89506
4638.58410 3586.88892 448.06083 1200.19335 2088.03930 5993.29497
5295.90014 3036.95497 2862.28266 6539.76945 8655.31792 927.67374
4944.65687 3256.30882 6209.02840 4766.39644 1168.89797 9798.56643
3796.16004 7732.24626 402.40478 4499.13887 283.41804 8803.21791
4895.40593 4752.16840 6937.54017 153.65863 7946.54040 1582.23502
5645.31011 4508.44378 4876.38882 1112.30856 7020.59778 8189.18938
5263.37702 576.83023 2489.23750 4521.88028 765.77817 4040.64844
7865.68082 8912.52808 4250.24146 7583.44888 261.97612 7083.58708
4818.18038 733.19727 2036.49875 2052.56431 7423.17201 5605.64550
2559.71015 7516.53294 4701.54803 5989.49864 255.53682 8955.46028
3173.36284 9430.97363 3173.35712 5605.16330 3525.72890 5320.33918
445.69990 8157.49195 1386.75875 4.83414 6077.43977 2317.83583
3211.77271 2007.28426 980.74157 3789.23499 3000.24123 4385.51297
9050.59893 2950.21612 2153.67993 2661.38138 2129.55893 7458.93789
1404.07345 5279.97604 207.82850 6964.37215 3404.42818 2853.22019
4221.19372 5916.91270 4299.13545 9214.20007 8837.03280 8392.70286
1431.04863 7401.91756 6438.54940 2590.92556 2182.76415 4679.31339
9434.11692 7423.94367 7508.93792 1821.62159 2467.01705 4079.84402
3204.19113 467.05313 9286.06117 550.29218 798.71652 6890.75774
4949.72729 7609.96357 251.02607 4177.84188 6587.56258 3824.00756
4154.47352 9872.89413 3518.39751 3050.21666 3964.89040 3165.55711
8957.87189 3674.78381 1994.08090 9875.79844 8864.75700 477.55732
8463.83918 9563.41828 8329.91440 1108.09189 8556.87621 9478.59285
7640.21869 2213.87438 2920.28804 6767.69344 9850.18303 7463.69901
8537.76459 7532.42598 7664.98358 4612.03749 8239.60008 5812.71179
4321.61260 6954.94594 5156.32758 8709.24346 1777.42796 2689.82689
3533.20622 5028.05541 3939.41244 2479.38171 7782.33422 2666.51814
6170.34597 255.43558 3070.60852 8201.45706 4900.76372 4166.80729
4113.70004 6202.28894 4930.42665 2479.33819 3223.10267 2916.38003
3951.17388 2059.68052 583.48792 2506.50312 9143.74124 5613.99152
1286.53250 3232.20827 7733.40763 948.17244 5992.64722 5659.43078
1602.47636 9223.86577 6538.91688 122.98412 5343.29848 5352.55452
121.87582 1285.89713 6510.73453 1367.20876 3016.79551 641.24920
7585.65186 7326.95619 4248.39617 9919.12889 1209.84872 9381.45426
4809.59814 820.02648 2912.84975 9489.73104 1577.36017 7048.11262
3233.23585 4449.74670 7292.62330 894.32139 2830.85277 4730.35719
6424.84181 1768.60204 9816.54975 9310.67436 5841.50414 3063.38127
7287.31798 8425.78447 5462.49581 2681.28099 6698.47282 9011.98581
6448.15953 7726.79431 2801.93811 8010.24588 7916.77897 7603.77867
4342.60314 2655.49752 205.45673 4574.14840 4891.39420 4473.03616
4526.59219 9702.65152 4502.11475 1221.74358 6802.92780 269.01061
8353.26553 7069.00526 6738.37016 3390.79400 6303.70198 4295.48764
7263.37709 7141.05077 668.27439 5211.93245 728.89761 4927.45451
2079.35595 363.09507 9280.78226 3186.79084 4418.20208 4995.26994
5900.87010 2052.11128 6143.22611 5756.67707 2242.42997 8796.69734
5758.61586 3581.23730 2758.68045 5102.86171 88.23949 3716.02772
3144.83147 4788.70337 6956.99036 2719.93490 7034.47709 6227.92769
9121.37478 5015.14398 7252.29759 8614.83182 1790.98537 8346.82036
7812.51085 8019.63257 3780.71093 633.38592 6724.29278 2775.05723
1361.99266 6681.96018 7883.66333 6589.17831 9205.06137 200.98421
2777.85592 1148.78286 1260.81259 6310.51606 4857.55321 9294.80790
3330.17759 9627.01287 7185.54084 1497.06944 9427.27788 5125.72070
179.48196 8313.54771 1686.79367 8558.96251 2831.30567 2848.22275
5.35482 3346.34535 3741.36439 2118.78346 1575.29665 6081.87514
6378.43041 1801.71184 2067.44358 9416.20695 9934.00780 1421.26828
9535.27274 2198.24303 2708.89117 7438.83392 4771.27007 3133.16079
3088.18044 4055.69898 949.47171 864.00152 5710.46542 4785.93451
3404.18765 2515.71344 925.61744 6347.38669 9091.46241 3664.78501
7666.61962 816.55919 2329.09888 6658.20518 7801.46530 2544.38245
413.18195 5254.75628 1726.74354 1286.67369 8173.05174 1025.71433
3871.12684 2270.06596 3936.32965 4280.14681 3370.56233 6671.69482
3900.57927 4792.92057 3626.75876 1194.44208 9833.15849 2228.53376
4247.50750 3464.03085 5958.73619 6316.41129 6344.58868 6741.21766
2751.97544 2241.17002 448.68019 1704.18581 8399.53312 1696.99530
1551.27264 3794.36799 8063.64984 4237.82695 424.42383 7876.65893
5637.86430 3028.78684 9958.09751 5759.31830 7335.76457 5286.60107
8604.00145 8572.25527 5569.38416 7099.46108 7937.93165 2985.84739
4257.95631 6405.30171 9048.90800 5617.56685 4622.78931 559.41452
4967.46622 4664.15311 6035.16012 6235.54919 4079.55196 4613.63790
1934.96229 6569.98247 8697.31836 8707.47337 820.11440 1975.22118
9202.76107 998.75024 4840.74214 8689.02788 8982.24754 3043.54072
6012.07819 9641.81272 7902.38258 2229.36774 9114.15334 6475.34443
3472.61751 116.96694 43.77097 7303.56686 1122.69546 1049.80816
4192.92098 8778.97911 7967.28985 651.34972 134.03702 2794.94862
4199.94721 7747.60602 8716.31199 7122.54783 23.04394 5527.54991
8328.41794 6637.90129 7234.85442 4890.03708 2706.40931 5216.93380
9004.29408 8797.43295 626.95790 692.70485 8941.25324 7530.24466
6869.10023 6642.01396 9005.70837 5693.60600 6390.07460 8556.35067
9793.81713 2990.03139 5128.56230 3163.18158 169.48267 7145.45299
3828.66894 2817.01540 7366.08383 9238.63346 4088.46500 9650.85578
704.81017 8844.59482 1592.06437 7909.98226 2750.84145 703.88105
4730.71184 9383.66679 9248.36801 1722.23312 5923.68494 1363.09083
8183.41582 3802.89159 1843.98986 4235.77918 121.49332 2030.76573
9993.97479 5427.55047 6430.69314 1745.53512 2903.85838 3171.98194
7567.63273 9479.82920 1205.68927 5752.94140 7509.66785 5011.62456
2846.02947 197.46302 4270.63584 755.02519 5289.74476 6009.45051
2973.13125 8249.26869 7430.82397 3875.28053 6711.84546 4910.35144
4407.50209 8153.43454 2662.48664 2530.22753 3242.55846 516.03597
8631.95186 1242.00083 2299.64763 8439.28027 8728.77712 6880.26862
6119.15000 5051.63540 6884.51781 5704.74853 2367.82082 2129.52034
6882.10953 7980.68048 1245.68690 8992.50568 7233.19401 8088.61798
9248.56204 8156.86152 7769.54096 7314.32288 4100.41470 9853.44347
3790.28779 3439.35462 3747.56792 4642.06372 1272.05736 1210.20541
5525.09938 8661.32662 3646.74225 1756.63341 1149.60952 5401.86752
442.72535 4719.26882 2754.95076 4026.46690 6521.18551 7867.49463
7419.40261 1931.80699 9013.02851 8873.93004 6872.92623 708.85071
5918.86322 8281.95212 4644.12178 7774.35712 9809.67869 905.38684
1129.67452 4333.56992 9127.75386 4564.52566 711.41971 2385.39432
2948.33714 6831.81500 9925.78544 8833.74530 6090.73908 8407.76649
344.55878 1322.42573 4848.71193 9488.44467 7747.95100 3542.06459
822.67874 2150.34352 7164.59545 1543.91057 7758.33296 6694.33118
5808.15086 904.45775 5880.26367 5193.09096 3679.59601 1198.81509
737.51997 4897.11112 3854.64249 3666.93903 2229.26668 6928.85858
9344.06327 5280.94983 3705.05325 8534.03294 9873.17467 2910.52757
5572.04787 285.21960 723.75228 502.51965 8571.59099 8289.07808
9710.63490 7100.71945 266.22786 9160.88687 1421.38596 903.13057
9043.84643 2112.93407 2765.56341 6227.78584 4778.44144 2522.85488
7070.58616 1165.06532 466.34521 5866.56296 1666.83955 3282.21410
5268.97489 8388.15612 4713.27850 8750.36572 9461.41264 1864.26772
5652.88836 4162.63942 5462.62317 7523.87802 3577.95957 9829.19791
3078.94320 8221.98829 2457.35780 8137.11114 7047.89212 2867.85332
852.86443 1651.12540 2805.74020 2107.11098 6097.23277 9775.08819
8361.35966 2167.98243 624.53019 884.69737 1574.73937 4345.03736
7135.18880 5960.44082 3470.06540 7425.94241 3825.91835 4946.20017
4821.56316 9132.70829 6909.02984 8940.65944 3666.11205 5539.35783
437.04031 3790.72319 7965.37566 8260.16791 7535.54671 3564.63130
8682.53457 1610.82161 2396.51113 5350.76892 3903.50293 7902.54515
4692.79420 2998.72485 2472.34478 4799.14974 7259.03558 7912.23544
5518.48877 932.57109 8465.53787 3874.83327 7682.34435 4570.90872
3123.10719 9358.47511 2623.09772 5690.53874 3767.99041 2302.17018
2447.62286 554.18718 6659.04240 4387.76698 7192.30648 4435.04599
6476.11342 6857.78246 9252.30167 3511.89011 3434.94490 3640.60571
9667.43743 7444.19135 2065.66290 4663.67904 3577.36843 4238.07520
6726.71190 2264.62319 1656.05640 4850.96643 2672.37181 8489.55702
7323.45407 5025.21757 747.58489 2592.38663 1898.93736 7236.01490
9617.16630 7468.89603 564.13692 9608.24113 6634.61707 5875.82011
5769.70110 5326.25268 2546.67605 2365.34142 3382.54771 5198.24506
1468.28165 5006.58172 7786.70312 2989.17079 8958.86250 7428.33655
1719.43693 8826.70960 8044.42127 8481.17118 1385.94367 977.47532
8734.45404 2054.84579 2831.13087 6289.04869 3707.42978 920.08498
1818.31446 4522.94526 6650.96358 6107.61142 82.49761 9466.55569
7175.23854 9404.33490 1860.67518 6735.41531 8779.33637 7819.87153
38.53788 7207.47343 5035.51977 5891.41675 580.13909 6033.04084
6421.10184 922.63605 5936.71749 2923.26965 8874.38996 2709.58577
1176.94127 6878.41779 3850.28891 483.12974 7011.41188 964.52846
8587.96967 4681.27191 4915.69098 2731.60775 5566.88214 6664.63513
4109.02740 1011.33022 3514.75766 3722.71685 3788.35487 8866.48311
6973.83883 5089.18816 9847.72018 4945.95800 1703.03298 9213.21130
4448.27590 6179.47314 3355.33932 2101.73167 9459.40204 6252.64562
9210.72100 8058.91176 392.28367 5042.48411 5917.50315 9347.00593
5711.59254 4594.47284 5806.03427 5039.81980 4776.76257 1563.55942
7311.31957 9639.00302 3883.73608 4742.22269 1959.45567 5330.69878
2759.23872 7693.01091 9952.21253 4434.91511 7754.05632 4324.68267
6245.50445 9750.01130 8987.74570 2140.88014 1099.09086 3821.34437
6698.99784 9168.88612 7095.59677 8911.89378 2874.98918 1857.63403
5218.68580 9182.45458 6130.80424 6335.84307 1630.79599 7043.73614
3714.75530 6370.92348 5852.60810 9726.46453 5448.88048 2891.25219
4032.20989 7986.98403 6229.77715 1036.33871 7335.93053 3330.45111
1257.53936 5847.21003 808.09833 4744.26551 9490.10606 4970.59499
7225.38871 912.93822 7793.10119 8685.86273 7177.58866 6931.48776
5342.32793 9843.55414 6462.09177 1336.31137 4336.66524 8521.19892
2430.52375 4529.13577 424.19419 4345.03441 2860.56011 1280.01129
653.42791 5306.17071 7168.90537 330.43116 492.61742 2696.12010
4340.66165 1090.11528 1629.29789 9464.14887 6926.09521 1530.26023
2834.64193 2894.95625 3512.70249 5768.05797 4134.60405 6752.84862
391.48361 2968.81939 7823.01419 2761.00088 3855.80663 8096.19364
3101.96407 7746.21520 6062.36280 1907.17613 7797.28684 9911.14051
7509.86961 5958.29895 251.36278 316.45193 3764.12898 5345.87071
9773.62922 1472.81168 8694.19116 2098.80243 9313.11130 7464.85784
4461.75742 7632.28397 116.76670 1345.24725 875.96106 3308.50813
880.23551 4219.72161 6069.41726 6968.30981 7798.25474 5114.67458
4903.28669 9096.82875 2090.53958 248.16840 8950.91141 7303.44079
8572.03398 89.44035 9988.21498 7059.53554 420.81943 1156.43037
8425.10168 7057.49550 1736.37465 3195.13405 460.53555 3898.52950
3867.42038 9621.76907 3899.76769 8845.26796 8904.43587 845.01199
7260.59006 9741.71906 2385.68187 4892.72675 8409.87510 1221.25494
4915.51696 5186.30214 5742.13286 4921.56354 5370.72162 7367.41836
1870.22569 396.69346 5639.31138 1036.54004 4647.00871 1271.88513
1305.39635 4681.12587 5234.16786 1674.33757 3289.64805 390.22857
5178.74219 3680.81276 7378.95443 4006.36117 5249.46396 6918.16612
2157.41735 7112.76444 5018.39091 1332.36165 1602.89262 7921.04760
1981.41030 6544.23343 2884.70662 7321.66947 7822.31060 9548.23602
6176.87102 9734.00958 6127.69880 9485.38361 3509.02484 6733.75278
317.37642 9270.58094 7473.81203 1064.86187 1420.92004 6401.79668
8530.05458 5271.12236 8780.46761 2821.76765 1564.41423 9329.02663
5498.21024 783.39329 6873.60904 1237.72401 4522.32330 185.01694
5818.25116 1379.99862 9561.07148 8165.48509 8753.33254 4419.34471
8728.58840 1681.56655 5664.27128 3555.71141 4834.74126 5707.90732
9753.72688 8614.52639 6451.40763 7900.02780 8535.25120 8247.76263
6828.21642 7385.12703 6184.89804 2416.57510 7808.81803 1432.69575
8991.05069 2605.58351 8334.17526 2187.53149 1883.69928 2782.70747
7305.49996 9440.27292 1235.51152 6944.50620 3771.91256 2886.75323
1469.61153 5304.24070 9459.12244 2257.51050 3732.72474 7742.27354
5657.80035 135.85428 1930.15327 9705.22530 6131.50838 7254.62297
9035.11350 207.82996 4030.16775 9950.20010 7284.53836 2115.61264
1109.29113 4649.31412 893.36107 6823.41211 3812.44656 9228.49120
197.84680 9213.80624 843.82573 2876.67778 5924.51472 2279.66108
7467.06813 3028.53429 9000.01940 9202.13529 739.29437 1821.50643
4989.19063 4936.55159 9733.38767 3952.14584 9170.92648 2867.80564
5640.63171 6512.38062 9698.46930 4032.52020 5674.83192 5604.52937
2336.60940 1756.87409 2181.66737 1367.81378 5533.02182 5078.84599
5284.14797 5396.50793 7000.82696 9885.80392 1290.50123 5605.50372
1940.92592 5639.88506 5487.23205 9657.93440 4488.73766 214.44647
1857.85568 1657.59461 1224.21660 231.54827 7086.50220 4890.62413
1194.21543 5223.61133 1599.50408 2165.19723 1324.51767 6791.07205
1171.43055 1191.08366 7055.60392 6545.66110 4672.03182 8987.38539
9179.94616 9175.58937 6840.10919 7516.34504 9085.14531 5877.26347
4531.81974 9053.14507 3642.74598 5492.55404 2783.59332 9540.25656
1840.64783 5099.45688 6639.30861 2654.44466 3466.09693 5900.58654
3494.16784 1543.20123 8119.17470 9681.16210 8395.90468 6110.52425
4697.86760 9244.20287 165.99615 6412.29441 5633.04571 5504.26009
2504.12529 5157.65275 5285.20589 8555.01795 6231.29374 8849.97704
9153.65465 9098.87638 4404.62191 2302.35978 6011.91562 59.15946
1696.30076 3139.55401 1680.46175 2442.45482 3072.77631 357.43994
4608.78280 6773.55504 1983.26994 4442.24153 3132.99522 7011.01420
1448.02827 4151.54965 576.99380 8188.35243 2218.30273 6536.71106
9034.19275 3167.32925 8395.00042 9829.79866 6700.17873 8084.24126
9535.14764 7595.26710 3643.38293 5592.76440 1333.46135 144.36134
7121.02713 3179.56111 851.04032 5158.43055 2580.50767 4015.75723
861.01950 6935.32347 760.30725 5901.27806 8497.15987 2657.24263
5244.54733 7975.21442 7686.21313 248.96287 4785.83276 6989.17089
5225.42907 1648.99642 1499.27924 3482.67503 5119.80850 1148.24180
5373.33804 5546.59248 5826.72947 4862.29982 574.89608 1164.00405
7566.35558 4748.63657 2946.60526 29.93042 2423.39138 8211.34537
1560.24616 7021.86258 8568.36808 2821.88953 451.33946 3303.73122
9911.55302 1367.26287 7853.90090 4260.79458 8505.58301 3548.02682
5223.21379 3961.40244 3542.02113 1710.09502 1461.63906 4633.11974
5223.03738 9252.53559 1877.92447 5500.61020 6572.66212 9190.48994
2569.43057 3925.29546 5013.71546 5974.20980 4183.93031 5955.15107
5622.99446 6072.86620 5538.27371 9887.58411 9589.49644 4317.37417
2396.49240 2368.95374 2297.16019 8290.07131 863.94394 6854.50374
8313.90544 4163.59826 655.66633 8428.95387 595.98779 4280.67898
5476.00506 8264.08051 3862.31913 2997.97641 4617.69729 1336.64825
1436.35298 647.12776 9951.03403 5204.84724 2906.78550 4839.12202
4974.40941 6805.56033 9636.27582 5762.57984 1071.05040 712.92587
4558.99347 4373.49206 2006.43842 3414.14163 5640.08531 8805.76966
8443.46139 446.76815 6623.49062 6209.59808 3768.54426 4176.55994
849.99180 2854.09934 5793.25877 9443.36031 7405.52587 6056.22154
4707.39082 4792.35215 6194.26332 4848.67810 4587.00254 8702.27985
1738.60341 4794.03159 3537.40995 3004.33410 8929.82896 5199.22082
6112.43393 3486.18571 4927.73428 6769.97297 2701.44068 7972.35868
7816.51129 5289.47517 6338.03603 1263.57312 4146.44637 8222.68801
7920.94245 1097.00503 6619.71646 4983.80158 6875.25894 4125.46717
7230.74171 5211.35935 6951.39421 5316.34733 1428.14667 9427.51890
4077.02940 4777.00259 6913.52414 5576.51311 3741.73191 7773.47471
6957.04161 6555.71426 9370.21416 1673.73242 9370.09685 5633.24620
5554.04289 398.82984 9337.95512 1467.55497 4462.65672 4925.85539
1297.48016 167.39316 3987.18623 4782.62136 7644.18912 9172.05993
8256.68008 4437.75909 4442.77784 8823.70565 4406.14488 4885.57478
4236.25796 5040.39468 5857.91383 5488.74262 5691.68707 2012.79632
4122.92896 6873.85102 8867.23104 6717.69504 4298.54744 1152.06098
4261.37675 2504.84286 7267.48467 310.99996 6720.40793 3107.46989
3303.42478 2882.22391 2606.87493 6151.98227 6020.47225 9860.04393
8660.56201 3878.77887 3081.78129 6713.56026 2247.68274 2519.47550
4107.56338 2519.17152 5467.31294 8746.57160 6518.46049 7351.64465
8559.70185 9930.75847 6841.02094 1504.31951 7451.91504 2495.86781
8487.22528 1093.65539 1069.48905 1702.42406 1619.16283 7091.09407
8831.76142 2302.03625 1745.57739 1273.19065 7586.28864 6229.78259
3085.73206 6399.06027 9407.00183 9931.48883 1920.43220 3183.01687
2800.35166 2762.15351 4918.31474 9494.72195 3148.42644 9326.54152
1741.53690 8744.06245 6356.31566 5775.99036 8732.68198 6397.99689
5123.22236 5988.85305 9698.63199 2848.11820 899.29266 7297.46069
4706.30288 5936.90485 1544.17573 3555.01019 6066.89687 7705.43871
1427.69661 2791.61304 6824.80755 929.10166 985.13791 6395.10790
4509.05173 6678.39543 5669.22616 499.10924 115.45014 9055.82973
3697.83895 3679.56148 8751.58611 5194.09098 8749.32891 3651.91791
4804.82731 5324.90836 589.72074 5291.36937 7091.45425 5972.28032
9844.17832 8393.54487 3468.31298 6868.15455 1618.50269 3081.11063
4167.04703 9285.79447 2418.15570 6185.87503 1297.12246 5992.59403
3570.22957 4697.03918 9814.98031 705.22220 3663.84884 9622.14103
6339.61777 2589.53856 2879.43843 5210.96477 6418.06764 9131.70092
6878.01687 491.92599 6211.56054 4248.88786 4177.11609 261.15639
3436.61803 5519.50617 9824.13608 1905.46166 2160.37205 5695.87260
3057.64856 2300.66307 4360.83522 897.75978 9378.89576 6351.88906
2165.99326 5873.19142 5773.78614 9437.31722 3791.96779 2719.27464
2162.22591 6707.15072 8060.82757 2464.47796 1080.35686 7174.16047
8376.30416 49.29369 9469.25248 8250.00070 4158.85493 7990.55064
1240.74743 6870.51061 6201.84496 7207.70501 4974.54682 3598.13547
9561.90959 8330.17334 6495.24506 1517.88692 4616.22331 3040.18113
7400.89843 2746.53847 9073.98878 5403.67858 2429.48554 4849.33471
6513.46500 3950.71708 8469.73741 4268.60531 5817.58424 4490.19006
6038.68875 4953.47381 6774.68471 3358.97136 1476.82809 2620.16852
5426.58950 9675.18950 5973.24815 399.23817 9516.93144 951.67743
4176.14620 8070.27129 6759.68353 8632.43749 15.52930 2633.48113
3792.00215 5068.23741 1341.82960 2226.29010 1084.33865 6131.76361
4139.15693 6901.96705 2691.80758 2743.80823 1046.31948 3290.49026
3949.90161 5937.56880 9732.45651 1486.67857 9302.76610 3756.65202
3332.06793 4814.17775 8606.01376 472.09198 6730.21851 4708.43915
8164.78509 8811.93840 6539.76244 3807.91247 7991.96750 1587.12787
7303.17349 5031.70540 3220.71591 7825.70452 1380.72848 6879.44586
5780.07264 7942.30269 7461.73818 9825.36973 4263.25223 8470.87447
8235.24676 3795.84042 9060.89827 3084.39685 1370.51253 3166.29169
2897.52574 5156.92471 7028.03472 5845.23006 8102.10338 1977.05085
9024.24098 9101.48001 6852.91343 7541.62377 4535.00633 4324.79907
3038.98832 2858.86477 6917.95779 3637.24897 3541.85438 8217.47906
3208.34795 8894.31076 4118.84400 7777.59680 5603.60660 242.90437
3716.55109 4177.66877 4324.88842 5909.12789 9088.31381 2738.08940
3183.71217 5745.25554 9366.19398 5076.93362 9552.18359 9659.39970
8701.73611 5720.79996 1424.94710 5233.21654 8805.04002 5754.36133
2170.23158 4885.18670 1202.91643 444.75147 257.35589 6057.96075
6765.32056 6091.63369 3270.57177 3341.12930 9703.53009 2024.12965
2195.81468 1222.82883 1650.66548 9947.36726 4577.97912 9935.11383