0.3151554293401872 -0.9318566522491583 0.8253489968317704
-1.0385994080135816 -0.2595099651824553 0.0865349203992535
0.48335076904817775 -1.0177996913994782 -0.7445722640797637
-1.0525039747949032 0.41881313946805504 -0.2155924197726815
-1.0739658350551686 0.5173872047859875 0.4142747433408708
0.19363740373533903 -0.4888613616910453 -0.7583572359653663
0.404331498485691 -0.9937498645626125 0.7643140284372898
-0.38683484992936523 -0.67217237749066 -0.2845134297922081
-0.5446376812410376 -0.30862058068513476 -0.46151202217173004
-0.5008850435469865 -0.7097990919346859 -0.24992902986039006
-0.9945884519799604 0.6807324169696337 -0.057210133921009376
0.2596847532037335 -1.1306619927355315 0.8832464004289553
-0.7367362026699141 -0.22574900001004197 -0.08179712736080078
0.6415520778046179 -0.5645786251915684 -0.6573597069516396
0.34257247086056963 -1.0689665295468846 -0.8876207211818581
0.2870737683606697 -1.3006304626473064 1.15790567029566
0.6306454413485992 -0.8143313865235886 -0.5933756024799954
0.27578245926160677 -1.1084178003984342 -1.1276607093261315
-0.020238842141804714 -0.38655569962691766 -0.6022271965733763
0.5146371233483783 -1.3384856011868036 0.9739502038179384
0.2284687988133327 -0.585019626215032 0.31343202641293605
0.7955496477367072 -0.2715333572055015 -0.6113148613790436
-0.3608542092958002 0.082487455535256 0.06660084123053268
0.13002043547372596 -0.709497330485968 -0.732763951106966
-0.8406815390875736 1.2706815672211884 0.1366793853750975
-0.5459703361330009 -0.3381061484677209 0.1821577176382598
-0.7962123956178083 0.8414730344357795 -0.08089847728080551
-0.3710300882642743 -0.4488993320538714 -0.007454772088906603
0.8166732253017752 -0.6019418169984639 -0.6539601787520575
-0.07286053779755974 0.8565500407394663 0.6241935394191399
-0.7650101048618008 -0.37512116164276926 -0.2531463719362955
-0.5927879951536258 -0.5616332169106026 0.1303578311989056
0.5528726861816416 -1.0797365016879725 0.9552971074292624
-0.11942782376200958 -0.5545182909623715 0.18604626896309878
-0.38446009783518964 -0.4506171253237756 0.18398818000012
0.3224363482492313 -0.951277399276376 -0.7756813412972916
0.2974199757036824 -0.7443911310074602 -0.6871572715329921
-0.6523125973851776 0.7833391101504429 0.5761202432156155
-0.11770326881299734 0.9187776491228181 0.5821899421043593
-0.10062994701065653 -0.372463920408556 0.33223427318791215
-0.45982005648455293 -0.38930115838540924 0.3104076643905839
0.8179071422395346 -0.5450950739870347 -0.7929979303683722
-0.19632178366848962 0.78219760554431 0.272344691901668
0.29782558840580375 -0.7748444025583657 -0.4807262881812776
-0.48933531327522006 1.3496117584266583 0.8098123046837422
-0.4998334016323693 1.2473096964780788 0.32690079637692715
0.41722708159269517 -0.909477575859129 0.9314357099132536
-0.3478480042102473 -0.22718398232312473 -0.022090778401457845
0.4182248880382706 -0.6487155414359864 -0.6471610407605578
0.48085531163272444 -0.7421856788151765 0.9891916635070415
-0.6705905202274778 0.9734766229578349 0.2683365037071409
0.07335042389225202 -0.4320823384987119 -0.9614181958434435
-0.5905003988745277 0.5426048702185848 0.5319884672946849
-0.8641674199201234 0.7841046647413805 0.10289726649637942
-0.8905898526423894 0.30425378253849744 0.6522560253553633
0.041599344288252266 -0.8119549806967447 -0.7300396832339181
0.20920005273265918 -0.968447153100134 0.978118507341668
-0.05833338309210517 0.9325867464783615 0.27256398643643
-0.2054344340947321 -0.7251005703668894 -0.789875993736411
0.07638153805917336 -0.99083189948786 0.7334794686162613
-0.8137525944952375 -0.5626452690332295 0.0770877884414917
0.0867595026928672 -0.2641592061710083 0.31627938513369563
0.3686172439726514 -0.9527377110835153 0.890120184946922
-0.6419066293220776 0.5777078671730699 -0.1375782417805756
-0.5479457567647951 1.046574811017831 0.36303250789483893
0.6508810826328136 -0.6658164631949438 -0.6417103314798128
-0.8699232304900881 0.8354286467309298 0.23263466873446445
-0.08948666866249666 -0.3298155101781379 -0.175123886206572
0.9196949675993652 -0.6067539348801585 -0.5124048262568226
-0.3274905559444596 -0.0999872217568385 0.29786341969772223
-0.2005341934799989 -0.546787453481088 -0.8466622181509339
0.3825379568930208 -1.1039090489974441 0.9036351705667235
-0.2607078671523042 -0.512736845793811 -0.022582030324945684
0.49095496840449737 -0.9946020894251273 1.1987307635910156
-0.432154902636571 -0.4531895311690883 0.32725061386994275
-0.7687230652346796 -0.21912331821159667 0.08850680487084157
0.578468888518085 -0.5961009905930622 -0.5133147547521859
0.7113925325674144 -0.813675686796236 0.7560801426072854
0.5714000821435647 -1.0384791203365002 0.8903748830849582
0.36847751878286533 -0.5903994018693415 -0.7092381674515528
-0.9033845137417437 0.8115562794495257 0.48587451274774274
0.07018703744162685 -0.8040337778812172 0.9060284393563424
0.24657210373743785 -0.9417257957686456 0.5887954546376566
-0.29072124501837615 0.8213480270579804 0.5580595906168636
0.013213925329661619 -0.5430866187276635 -0.8248309184119751
0.2511309276120196 -0.9088062537598767 0.9590996229386436
0.4518063590639336 -0.9139124701769693 1.0368848874329184
-0.6430070919483155 1.2335615653277487 0.4060021288974677
-0.9133698240696367 0.837197303840802 -0.09598688216035456
-0.9385349953794343 0.7280665222488627 0.3831644897142289
0.0798073074988106 0.9447555312443392 0.31223132279797844
-0.5290742818124838 -0.5825313027937984 -0.02102092331364147
-0.3700004079766906 -0.01759986632731747 -0.127043856334352
0.09511622040188128 -0.42769197763870875 -0.22779603731916792
0.8114368093902963 -0.6108631757130102 -0.7375856485736149
0.19637461024045275 -0.6659729252696159 0.9864539426429008
-0.22012782462302682 -0.24679098554944728 -0.9983862670648753
-0.3764621941120706 1.1194080536291273 0.7553043775702677
0.33274347947437444 -1.1963909459277176 0.9342068413392062
0.22924019231741488 0.9753867277244455 0.48691619901858485
-0.44226887788156233 -0.4627064143397783 0.39522033402398554
-1.2330841843036286 0.6435239702124964 0.18293598675883124
0.14660541347653508 -0.6762338603775623 -0.24247005469357502
-0.7593556289770431 0.8899205257445306 0.3410007134821511
0.23657308338339386 -1.038926176955595 0.949051224838241
-1.3069527055820598 0.45862104617205046 0.2783739482890114
0.006883239462118357 -0.8291019699325207 -0.9385226402347783
-1.061532921427034 0.9974312375491943 0.17164466462223282
0.3213330018136976 -0.8140546943686525 1.1960059857708414
-0.880105385483803 -0.6651986789840523 0.07391627361222863
-0.15242139546387248 -0.44231449101721443 0.1578932032930206
-0.7735446422298808 -0.799835035412654 0.21862087935764243
-0.4940452532397251 -0.5626736988019578 -0.1637638276682081
-0.12915109126405472 0.6720175373395448 0.5646045232976856
-0.7876175377101128 -0.6384891059733518 -0.1362180417738882
-0.7254597100386287 0.8808584112427298 0.32791238046720117
-0.7845052298343251 0.04009827396316257 -0.019784540549083685
-0.21546251422741003 -0.4652123255740721 0.44518218389770703
-0.3838629469690271 -0.6428300086637692 -0.02711806347795709
-0.11752955824640685 -0.5783778310038888 0.15588940169605076
0.7683215731783641 -1.0448732900812854 0.9312600888498163
0.47634834196114567 -0.6850468638633931 -0.5530497549860198
-0.218121089255675 0.6731466350132391 0.6608454544222045
-0.8534003532167169 0.8311859119236499 0.17305618614535848
0.03111060552970918 -0.874662402646525 0.7089204778659659
0.7499873420978995 -0.9171305386280865 0.7898594701272146
-0.0870343879320779 0.9031440920806821 0.3954127115370252
-0.4435287721963879 -0.6368675978246686 0.09684868182945316
-0.6116386191351889 -0.9773777496818409 0.03116825840388573
-0.06833414292549346 -0.4358476779545953 0.12775486283917334
-0.20653692626808248 -0.5639425595689885 0.13724599054298323
0.07911712210273675 -1.0869242974134776 1.2142889412972693
-1.0376492111325568 0.6801807362158055 0.22127153416510198
0.023001779224030294 -0.4671543420230097 0.14231181958124361
0.38415897629702356 -0.7606357961228878 -0.1742378071722266
-0.27063999379570225 0.5271738219956174 0.2200717065398809
-0.018615991749195246 -0.39490906250153174 0.3005802659014232
0.052072685013150155 -0.989628308586717 1.1829913029303112
-0.5530621399940365 0.9011936600662422 0.07046415684199564
0.25187265152684724 -0.46032168852235683 -0.42417821019099106
-0.5679163160528685 0.6199545772006271 -0.04024276412727901
-0.9404942017123916 -0.7518881595918862 0.0037537442866292722
-0.16850199082187078 0.8810744089253173 0.3727330967113873
-0.02351413216352423 -0.42125339625552366 0.13459437877090835
-0.4315814937552803 1.0847475809723648 0.4718633437173865
-0.7506285113461411 -0.10832366845371305 -0.05361716373013406
0.3519824583215563 -0.3663955657639767 -0.4224584965991668
-0.1358592819953979 -0.40989125185483016 0.15415639899188244
0.38480616242835364 -0.7304743736197296 1.1552710512973778
0.6594584411296793 -0.31259016175236 -0.6081856076055799
-0.39206395027017843 -0.3864008609624911 0.45628606484823664
-0.2058892468830169 -0.5733480428105607 0.18127891015973127
-0.1620672643675839 0.9116247812411082 0.8909207030464175
-0.0755306409292944 -0.8922130789303505 -0.31056813121268884
-0.9990320759408673 0.8113424578063966 0.3122459759792114
0.21172318446746555 -0.8852243894986255 0.833045581952824
-0.04575016853694469 -0.6680921061607423 -0.3070641067791426
0.43806484626841646 -0.775875832480903 1.0620340982860643
-0.6837788216614599 -0.25419757137371535 -0.3108343817454748
0.5055483661566962 -0.45034353258216686 1.010082405178502
0.6076858577037592 -1.204009646686662 1.0745559956660051
0.22252132395758625 -1.0953609656092087 -0.5500450455002195
0.7667254571566835 -0.4655146632385987 -0.563509795891245
0.5061589814790302 -1.0605906882659253 0.8437931859024637
-0.7197322600862145 0.8955331765281629 0.04916838482206448
-0.8644723369518752 1.1084651790314677 0.15222016653694775
-0.8423700082347989 0.8583162532064372 0.6088484066398652
0.6737871375370394 -0.7127331682688895 -0.4985353780181505
0.7081262683686216 -1.056786741006262 0.9372092663004257
0.010280549049805965 0.7362203952636477 0.4784133759772758
-0.013341836237323712 0.9722093922202051 0.7737813286863624
0.06417189283897207 -0.5558835667075328 -0.6361350880378107
-0.20225832793693244 0.9581491520860485 0.7484332550052091
0.7955682616009937 -0.290510733058926 -0.804355521473276
0.1169860262313912 -0.6617952896214416 -0.027060107325064614
0.44027264093725704 -0.6957022817742703 -0.7719397275492375
-0.40134266571767757 1.1610699616916027 0.7276043990055583
-0.24524382869139982 -0.9461199863737006 -0.6455786382300013
-0.4200024826867667 0.881049875436763 0.4535789054461666
0.05130669549399447 -0.8224117004406399 1.099106357940697
-0.5241571935846658 -0.9040817853391044 0.3956572071730992
-1.0841404771184153 0.7256064319410372 0.6397741706389892
0.1995592779439034 -1.09583770038937 0.9777434465310836
-0.09157504363235613 -0.6081568835662403 -0.5944409454332682
0.697751244026607 -0.7143107004744585 -0.24280365608593407
-0.6914871493931657 -0.3256046173872289 0.10920393978621834
0.19565360473626386 -1.0177489804156132 -0.4869011817998784
-0.46752087086827 -1.2075568828448628 -0.9981709787494875
-0.6988307198828696 0.999346491361165 0.46747885139710565
-0.360265508512399 -0.4250644589472104 -0.8988971998889623
0.040685922721937245 -1.2359952331756217 -0.4751604362328875
-0.2279314195906152 -0.7895859382891924 -0.9954783038877983
-0.14004892446230766 -0.5415868539004822 -0.5096610617762333
-0.5166822140827826 0.5683545194778934 0.45700423575579574
-0.13322007935703667 -0.2971234651764093 0.13532270530420992
-0.228778659739793 -0.5094551271892723 0.17472980298617008
0.027925415210646426 -0.6506410782470076 -0.8836468856362147
0.4056229377992586 -1.0195974731425668 -0.7784837021358456
-0.3678841216044535 0.6184990557007246 0.6702816562800424
-0.08952146290362648 -0.37565419489249646 0.13322439501551359
0.49956245442068964 -1.0483362811310308 -0.6441245018549677
0.02493188812398167 -0.5642238397247457 -0.5834478206310946
0.3971288400575741 -0.8826270996377885 0.735345016314645
-0.7625600447671064 -0.5157490398841834 -0.359257766953731
0.1347863181254454 -0.36269961082455204 -0.8571142144486044
0.24996987830383555 -0.8927258303951088 0.8986484459812696
0.7785393597183999 -0.657335442807785 -0.6565212487448819
0.46506608519538695 -0.8336628694683763 -0.4749493370700277
-0.2713735236548094 -0.48982972531718166 0.3860056900661395
-0.7431246096267696 0.7927549944766026 0.06011418693025006
-0.3954445997806538 -0.1946910771197397 0.05767820505259717
-0.16505965945442486 0.914495452683574 0.6484932914956583
-1.0771524838451678 1.0714317920528083 -0.136885568124605
-0.09691075891211214 -0.40738710242011283 0.3856468221612327
-0.23563681659752575 -0.42699044037541867 0.3445661003938411
-0.9269744689558189 0.5665778578795015 0.2095374190711365
-0.24107646108309855 -0.16763405492384154 -0.7641493689494091
-0.4910327042654382 0.8568938808974612 0.8151761492794145
0.025914398123621257 -0.6070126872136407 -0.7608834540759672
0.004801124117774835 -1.1242041495928325 0.8826784344383998
0.6899218273549184 -0.5946203973058962 -0.7507285309043575
0.10657764865189635 -0.64430290177317 -1.1405006845727712
-0.08314301717687139 1.0430661995829449 0.42512356263919204
0.5875672924763311 -0.48455898680419063 -0.48239457736178815
0.02157866411866577 0.9693424227002398 0.573042415167912
0.39022650571940726 -0.8687974897279355 -0.07954893972699062
-0.03364394621522662 0.9496637376423903 0.5229905028867412
-1.1189819086223696 0.655996989957598 0.25937721672332864
0.7089989426264014 -0.7047640266741604 -0.5851464126899759
0.10668321211923261 -0.5420126250760543 -0.5521361836302592
-1.1318960367835111 -0.2596261285936775 0.09465360218078081
-0.283903749054314 -0.5912802329407325 0.20895886402200903
-0.11739067895295807 -0.5129721841648525 0.06010844163670123
-1.125450482443871 0.6331572920146353 0.023066932208913676
0.29034981616736344 -0.5682446781321681 -0.6940552036021271
0.6293381087543157 -0.5277824500032597 -0.5099335042405314
0.5803966942591641 -0.5507019359456031 -0.7802670675311723
0.4716294480055725 -0.8171505482325789 0.9026674653500527
-0.8881866659852861 0.4797193527985248 -0.13253259064767864
0.5404263531333309 -1.1845221492873002 1.0951538266848067
0.4007561380179802 -1.1131939618487823 0.7040271021764826
-0.5308609241646046 -0.18400122759700724 0.0923432166226262
0.6210211847098729 -0.5213280302026863 -0.44210212763164425
0.46628873605244753 -0.7229445691237599 -0.664738336927207
-0.23332936760876982 0.6375869846965738 0.4575101201394241
0.6920977439033512 -1.0059870756550893 0.713687386247843
-0.21197432848807396 1.0674528244640507 0.37684210277701424
0.7419171946338303 -1.1477158063370767 1.0855901436788353
-0.536186739764573 -0.41194466152312637 0.09500754775103523
-0.6332385779497542 0.6659097959019462 0.4640132991292632
-0.33580167709313496 1.0472031543437492 0.6601370348045792
-0.5786374045152158 0.7159408055185627 0.07578444855201069
-0.8016001367553539 -0.18310683547427306 0.011111054697818042
0.39874773158734567 -0.9161944838620224 0.9844288561396182
0.9229015547941273 -0.37106680438925677 -0.8092681989546728
-0.09197304301213008 -0.4781414747629584 0.32611028397020503
-0.7566374980030818 0.49853448807921485 0.007909474856230975
-0.9894971267921766 0.6599622361268093 0.24819678975667545
-0.6513726700377331 -0.12508679144320778 0.27593251010917186
0.3201681101489476 -0.9456420948155078 -0.7004525867398659
0.4445376527213277 -0.532135267451476 -0.8113766634185987
-0.5514276537204734 -0.4644301997995148 0.027432301721677925
0.7578615572643995 -0.5953499273846751 -0.7500055094972903
-0.21530583411536725 -0.7005684320454989 -0.7271935588832261
-1.0041598438628503 0.7429196013834898 0.05207053371385084
0.2093887654715719 -0.8532452740707304 0.6915858130802781
-0.8600608900259292 0.48804318763125076 -0.014882777809997277
0.6678979433482249 -0.7905317931020703 -0.479704799020508
-1.0004907752354815 0.3778790684169515 0.32526467249751484
-0.9023359362906991 -0.3674295169825894 0.036570002143657264
-0.054455372682492065 -0.8522710486445004 -0.922349879883425
0.5586608134706257 -0.9945481669264713 0.7128205636963505
-0.2842623082556499 0.8244407041102824 0.6853026698886616
-0.8071608544580395 -0.5379543449455322 -0.3244235309324663
-0.501582265524821 -0.21692153553854945 0.23560174831109615
-1.0955059705561276 0.8526988383596406 0.6055332512677929
-0.2879715929057334 -0.31666140227732814 0.239169254006814
-0.49117838910908385 -0.5042800474688387 -0.22867505569156626
-0.8231212743237936 1.050082936416067 -0.11441865041461224
0.7925924006785428 -0.6719600621723985 -0.9177852209839578
-0.35226812073546016 -0.6819537907117241 0.1771500638303087
0.575833754466601 -0.6450586353064363 -0.5248185185635356
-0.6163835344860514 1.086902100755982 -0.1334394109833308
0.01872828489009465 0.9027992883459749 0.7136612207503734
0.6097095928303099 -0.7859024347475833 -0.729656576666601
0.40534854458020897 -1.042319408196228 1.314083433991649
0.6995036776081687 -0.3449827842691678 -0.6834516171483519
-0.07788019381208972 -0.463864172770032 0.20109928183041487
-1.0748935466722256 0.23519231727337703 0.26444997602418585
0.8663789079736097 -0.6062696838780389 -0.6113210992875797
-0.0038797607710080173 -0.9394916923860009 -0.9507389487846414
-0.7084790622605832 0.6099504152645583 0.5996247768854039
0.7753680584895859 -0.4921867531940457 -0.6671773376917194
0.21586852184411204 -0.745313369797715 -0.4503852705069385
-0.41368923078540565 0.9287922963353832 0.20700007338283294
0.3036780700010323 -0.7941172271359617 0.7686683624941912
-0.12694432080238852 -0.3570989767941242 0.17617328331128201
-0.875404295918017 1.0502594134635863 0.5951909354705671
-0.06991915144209077 -0.44693593145627875 0.1381128903407127
-0.02084068844867948 -0.4895482336200386 -0.7631010813497519
-0.2805087768737448 0.6472197403646682 0.6577037194165826
0.16735423855267348 -0.6595303540618818 -0.8366399725086571
0.4441005004604428 -1.2762793981878338 0.5158439414813345
-0.500228402788835 -0.6460361625787103 0.08276391794873533
0.256648064584009 -0.6195683683304699 -0.8690114084786694
0.752147912226353 -0.4871807550118399 -0.9323592785226114
0.7744522717344201 -0.6557380651865786 -0.35151805191938623
-0.024039704604462503 1.0023499095124506 0.9769654806627929
0.0385597291834891 1.1496729030414043 0.4398977649319609
-0.5171361617937367 -0.26336115810033794 0.3755753224544317
-0.5695954577304783 -0.4027120706996355 -0.13791016418077554
-0.3014018788607461 1.1807734874405607 0.6286678852296794
0.2259503099479392 -0.450426351365419 -0.7374992409696773
-0.16024080480776823 -0.507115707668828 0.12798465341661533
-0.9529891420542532 0.9242480340740382 0.3686941542194366
-0.33337331574424944 0.8249036926399372 0.5130683689232449
0.267558048623623 -0.95255906982689 -0.8162395530704486
-0.9781369759026222 0.5388406195238329 0.01806190750866421
-0.06553295257470368 0.9450073720937259 0.49703942459982564
-1.0137319096585578 0.45251687966252524 -0.17729015501678463
-0.9404530723231224 1.0017895151783967 0.3439550710611454
0.4030932123303249 -0.46486001416132416 -0.6641058478552466
-0.9624990255321131 -0.7843143284508323 0.11015328282564577
-0.14461980501149058 -0.6688574965460772 0.32967634326227235
0.6709453235149031 -0.7375982756059547 1.039761366928909
-0.9034317268834043 -0.30355557670471955 -0.19250030120958916
0.30045956755510383 -1.1703838681936662 -0.8506571697168089
0.4594497030209733 -0.6020580717313226 -0.7821491220831611
0.12063786856361888 -1.069035352407625 -0.48857688068293603
-0.789933289516945 -0.6371211373243688 -0.22042647022589823
-1.1575561205937372 -0.7346806419049725 0.053024217926294026
0.06793355566701717 -0.8376938182549609 -0.5491667551258677
-0.8098562178368727 0.36132362631275416 0.5204815774608618
0.5816141603032797 -1.0569128729687542 1.062596369471999
-1.0384278002643124 0.5616262770482163 0.3943330447026399
-0.538004014119715 0.6653514537467631 0.48920969274864523
0.7587935860996697 -1.097638175630361 0.7640747029740924
0.6046812209883154 -1.3193356828153544 0.9632524100671129
-0.07032211371888869 -0.35484743678211306 0.11612381998487778
-0.502170236570905 -0.6455848185809273 0.23174770939708791
0.15059068775397097 -0.6999104384585114 -0.9533266175642423
1.0185015253159808 -0.6104391314522128 -0.48089696053532494
0.7157313628638067 -0.5420851836022018 -0.5001743132282366
0.3864048607159185 -1.0412188054505713 -0.37633727519519794
-0.37458236224235825 0.9021672511311635 0.5536145526765399
-0.07462826542136725 -0.45559209227893455 -1.1287276915453548
-0.427822944798203 -0.08661348545576542 0.0818579893057772
0.18284074155962698 -0.4833415354554921 -0.6545490457660947
-0.36905164312821015 1.0659077851508885 0.5674937467860581
-0.3017669530306056 0.7864120503062206 0.8227386728567887
0.38172301487508875 0.7287632977891927 0.38920332165595845
0.2348893723435085 -0.9598360028869128 1.1331676906417734
-0.04966699305506214 -0.6808075792231704 -0.44585517025148946
0.2956289487987167 -0.9697948044122825 0.8227958226665447
-0.09047149811146261 -0.15175741793565328 0.22006202506906863
-0.4114920272900645 0.8939928725731998 0.3636851532517382
-0.8855249746650403 -0.575028224464923 0.347769387853625
-1.1189754306496034 0.8783325902196829 -0.03573710918113454
0.6956882255649244 -0.3969856957517822 -0.7868125032990846
0.17560577411152528 -0.4861394379123559 -0.9994524741025195
-0.1539730121970418 -0.5627043832357908 -0.9486321778843794
-0.038990908692467505 -0.3018158270469873 0.3936535715271361
0.30897690127334465 -0.7412808131065748 -0.40574359994380904
-0.8219601826762708 0.5590995259365961 0.3201906397180125
-0.2739381094126178 -0.520910830661722 0.17189481134254342
-0.10166605327839637 1.181972078660772 0.527430686496757
-0.3983960502605007 0.4620121973612442 0.31675084748645327
0.015238180907101717 -0.6632762747057933 -0.7205972458243968
0.36797277750835977 -0.7293934824017807 -0.8944071700819599
0.7328814088993344 -0.6816175776338034 -0.6114158621549852
-0.20266763699740697 0.9059182212136233 0.6275589479240151
0.17476005238002076 -0.4926944022110138 -0.05333818389322309
-0.13617689384701348 -0.15668876481775967 -0.21910574584261766
0.36072553372790417 -0.9064562489864011 -0.6888349394094332
0.553606864165565 -0.5316999449342744 -0.6353131159851163
-1.019637892494197 0.8855321689107566 0.4274141639014085
-0.5681607594586884 0.33397543109165295 0.7108004149256876
-0.6785259573450293 -0.5433066544612373 0.08720168270364864
0.3779206991570066 -0.5242097527887403 0.9941643644083914
-0.5848458009573057 -0.5906338635259404 0.4166655934073834
-0.6072823578292659 -0.7656843950864112 -0.29780500061079346
-0.25439989323165874 0.5874791457344665 0.2627809114826808
0.5802531113399505 -0.6615312147233291 -0.7141847175061926
0.5559044277763125 -0.9223404601028061 0.998841271913397
-1.1639304745165415 0.5212649730856679 0.2933444209075696
0.5837581105551922 -0.8139470809517306 1.0058794577040797
-0.3889030101969716 -0.2915857023989708 0.1603830651725494
0.38810233339295075 -1.0917319794459903 1.1465580041251793
-0.5771897310512475 0.05001486398477961 0.14337241522241467
-1.0862269172478936 1.0136476638282137 0.10988789118533494
-0.8386034761519244 0.9818363892210464 -0.04255758114323499
-0.43712892956131355 0.9206290380661498 0.3828303825920029
0.8082557618454402 -0.6286986362450788 -0.7336196315108725
-0.6380295082091161 -0.5107275872960074 -0.14554895938549176
-0.4862254518333993 -0.42730678535618605 -0.09575413733228968
-0.8698646134022533 0.6511701934707008 -0.014491193815865389
0.21980600542577064 -0.49963665184571465 -1.025573062313301
-0.40082162457705617 -0.706574433641057 0.07096952690810501
0.7527716963605002 -0.8935148116828496 0.8832779285786506
0.5844555717792935 -1.2455169172970872 0.663074921347244
0.7455996900787772 -0.7171200097658919 -0.656638021543448
0.21966544818048556 -0.5659516992704396 -0.2929774355587943
-0.3269947084492487 -0.7627138731050589 0.3478612422490197
-0.7463688487243266 0.5325252311461294 0.2199808859467365
-0.689762780199338 0.8927559604635742 -0.024644295749340628
0.13361165130098207 -0.7254322108057424 -0.5560697690946795
0.0400971492426303 0.9333155294052433 0.6803366805967885
0.2363694306307208 -0.9532149266023549 0.892043031724068
-0.37911439455184964 -0.21007075139567805 -0.18377094438666491
0.07525607050096689 -0.9214696455118462 1.0073303900819202
0.32905132155202077 -0.2828293578236577 -0.29538730051231
-0.3312212039447366 0.7621530901762756 0.33204058642250056
0.5462499523762142 -1.0153750416181015 -1.1664553543946838
0.11157301131841593 -0.5615872664622542 -0.6952421803713122
-0.0725127062810335 -0.3469258451105735 0.09091549763433834
0.8308371437640591 -0.46985166665578726 -0.4963621587617655
-0.4882284694031691 0.8685353618971879 0.2740076553119265
-0.6204088740491438 0.8162116786261051 0.140217131989672
0.7348145080654044 -0.5686000243956484 -0.6631357979116009
0.5266365250768696 -0.5876268123589296 -0.1423842032833229
0.7081470908146495 -0.2830596802557992 -0.45475792423050726
0.15801349505296045 -0.41784775186378953 -1.1492372694016182
-0.06292473737324933 -0.3773198231214445 0.2746602522267016
-0.24466148268423013 -0.5289217397783664 0.05376862357991902
-0.919773350371878 0.43957547703703426 0.40162927159432465
-0.795573177597752 -0.8196415198312155 0.01814264522719592
-0.1749463568599245 1.072095494442294 0.4260068517768112
0.054565788484179895 -0.753793194768618 -0.7888333348208748
-0.8770040896724905 0.7872374435019839 0.20189139301185646
-0.18247802735247104 -0.6892968368242928 -0.8527031657729338
0.6924638652833205 -0.6821171997376686 -0.6394784927078934
-0.7481324926494559 -0.23358159373308887 -0.12377401499133495
0.2960912334857811 -0.5731226073886763 -0.8240310300073919
-0.5036273113489425 -0.3545523118279286 0.020633717441984754
-0.42579404781993463 -0.269072736649399 -0.19065112492841427
0.7892388302041237 -0.7098013522054821 -0.7481202478225829
0.2656173842658363 -1.017533325406171 0.8603575291604943
-0.09706512292466091 -0.6370372695804146 -0.6155503932854778
-0.42083852258154675 -0.3002387898273561 0.10252800145716788
-0.19130666702007157 0.5989747699938918 0.6413414886832378
-0.1731999781726271 -0.27434990085854744 0.1522529418330099
-0.2804678059719246 -0.5758399215651169 0.2261558453292696
-1.1490890738198483 0.6157465438222812 -0.10509023183892013
0.3989652803724949 -0.5920592306609342 -1.2804413116987066
-0.5714361963303393 -0.48366794741958785 0.47807279288362853
0.10396715129993085 -0.9813552708681583 -0.4890343331157262
-0.8053814426036086 0.85396196317513 0.15628518085668522
0.37606872184435836 -0.5623585610683701 -0.4736494763982433
-0.18716934942386065 0.9000440966902304 0.6079327705641315
-0.9694227573664868 -0.38390951412914714 0.10396806571429491
-1.0070437613924184 -0.24013618796710537 0.3054187898941235
0.699429555888395 -1.0502435645744432 1.0351399700736397
-0.9500753437504122 0.8152844907775934 0.1308392612043817
-0.8846147917856642 -0.48124224121389864 0.15826351966774743
-0.7758463340277388 0.8903895059782974 0.7046395861480359
-0.7348764517740075 0.12660616228957322 0.3771545855814922
0.6376145575533338 -0.7581960449139151 -0.8207780576731454
0.04776583681828436 -0.32399033097155283 0.20444912877029026
-0.7235459847792021 -0.5087644883748724 0.28415613841166804
0.6987104798040615 -0.5085648241668645 -0.8052978893763284
-0.18610059603174245 0.8272297265033693 0.4097458093490491
-0.2398197778453084 -1.0022977942223381 -0.46698575018779986
-0.19972327931224226 -0.5743492656534593 0.0749503468161046
0.8397986783166567 -0.9647388327651323 -0.3408653920675227
-1.0429877748757708 0.39726147154750463 0.40150588192461956
0.7277099127583261 -0.623572664747481 -0.36243451239081
-0.5035565733702636 0.7362296913093951 0.2518962712645483
-0.1143035586379644 -0.4103025718866045 0.45775238262587153
-1.0340783010857009 1.138863617986299 0.6142666621923448
-0.29396466744415006 0.974470468946681 0.22665153785092254
-0.10949797683614115 -0.27292848075306647 -0.4635388246375093
0.004860735797264704 1.0569051102185067 0.46682876262436074
0.4582034457157116 -0.4710214630724049 -0.6172529079787906
0.6387477405062606 -0.735746709985339 -0.5780384660285152
-0.732516432158508 -0.47993391183995326 -0.8009874602604281
0.5102551217490404 -0.7150071581078923 0.8340316025088356
0.20734408078256603 -1.0336958392373992 1.0374377873011467
-0.06776417017742017 0.6288740542978575 0.6110674863103082
0.7561211459251467 -0.611568309083037 -0.5538864223931552
-0.6068676842201473 1.1416580597105246 0.34858880567290856
0.7747476572456199 -0.8539369475017934 -0.3962352307316857
-0.8709161361593041 0.9782962500316295 0.1030230737929451
0.13213317717111844 -0.9693174710518492 -0.7252701260099772
0.6548113962493165 -0.5733662753408713 -0.5662944296181273
0.2647343077433409 -0.7454768280142227 -0.5110820740151896
-0.28954035843239173 0.6312768372343518 0.6873683168697291
0.4513225651737073 -0.7878808827130183 -0.661224474816902
-0.02572255582292149 1.242126682269572 0.4431770524987141
-0.39184102237222795 0.6893603100544209 0.608435636345827
0.22498465078429788 -0.9128252036608615 0.9560807473078379
-0.21885633065467874 -0.6895125040335951 -0.5872311275562004
-0.5275948895252403 0.5638286659340241 0.26701364850369436
-0.6466795665996723 0.27351161220877146 0.8438352453078594
-0.4168697958217966 -0.8905891808599317 -0.9141464302743625
0.41742402466173967 -0.7569009130401894 0.8322836009128821
0.46692148474736483 -0.8377299223484949 0.759892338094521
0.014347696986518915 -0.6391101478659688 -0.9536691536816201
0.664058308909016 -0.3719161604635028 -0.5558228784503656
-1.0740883897293947 0.8204526726504009 -0.0027313681025397385
-0.28610260688281686 -0.9898116770267206 -0.9556554792468865
-0.5113070922532462 -0.4859344293246024 0.1525237201901275
-0.9047140584380491 -0.7985200889439978 -0.15347341858921176
-0.309878079146194 0.054194165827507135 0.05929728058207484
-0.12033365789817302 -0.5322789295770585 0.27823772006381114
0.47525842983901995 -0.9647742351109891 0.9284534185014754
-0.8903608551638633 0.6942821783702814 0.1167122697839883
0.36767823848339465 -0.8328285376326445 -0.41575846388140125
0.5338280202602526 -0.14915283450685868 -0.5199466382241517
-0.2178208079724014 -0.3807894722160217 -0.013168215276781789
-0.17707184409985688 -0.6240312305027484 0.1919401282832422
0.17991951266582062 -0.5666337199750137 -0.8811777448959625
-0.9609314824524638 0.505964111417655 0.489004187290993
-1.25178990589239 0.5284273515514057 0.4308773793651802
-0.019415149881268814 -0.35416165502601243 0.2924704249928243
0.021014284311627912 -0.8638677348467385 -0.0986668680694176
-1.2599912341911224 -0.5707362980355254 -0.20117003700850644
-0.8627716514791028 0.5836465091525349 -0.014137194192056807
-0.4225157810098906 1.017843458134254 0.4337960317232995
-0.7747360821187639 1.232200455375282 -0.025773644769201992
0.5148483550380021 -0.8925812733757248 -1.0637022137352456
0.37533830472151886 -0.7302293840850801 0.7418142507004776
-0.43534588533752405 -0.6299598808571953 0.13751271031653528
0.635148960187764 -1.2816987445859063 0.9783117219210066
-0.2623378651155374 0.6352710267880852 0.6595593110356855
0.24735057318742887 -1.2306791761477296 -0.809689583338282
-0.3343077267207937 0.5882993822544486 0.3191946246356429
0.28909253509109 -0.8194140659433662 -0.7207705610773437
-0.1246414179848773 0.8532847905467091 0.3949837777755042
0.3448856231595202 -0.6337474598693924 -0.5774817929992264
-0.05698107424227444 -0.5587953919530962 -0.887788602033911
0.42752488205629857 -0.8668571728431643 1.1188364221394251
0.6688161220956057 -0.4960810896486001 -0.6966676836128392
-0.012969887902303023 0.9810622322048225 0.6404323593616832
0.3609801576107372 -1.2579384098528246 1.0849130815131824
-0.33827847339262795 0.9124048828925962 0.9044721074000907
0.6698149029350088 -0.49921042248441394 -0.6358549050745598
0.6300393301135525 -0.6921289251956964 0.7184258035448262
-0.09989580139399357 -0.5407134275122814 0.24812685004600663
-0.05108316161947324 0.5652409520344661 0.3801731728110235
0.221147170131003 -0.6432035199778857 -0.536119243244755
-0.550137527392367 -0.5772236085979996 -0.334242821311727
0.4317765437857342 -0.8979902387609615 -0.6468365024683096
-0.10733683815485094 -0.5391582371075084 0.3589637653897403
0.32830513517102167 -0.8349844256937652 -0.7213611738004807
-0.7306284882003272 0.054371954303744696 0.2828994699534577
-0.9044435658713283 0.7135932058115046 0.37972139404706623
0.3395511370114836 -0.9066643975513023 -0.7881041776194829
-0.2054579627960831 1.285520650423865 0.485535895059737
-0.10630584447062119 0.9938565971807883 0.48066045957312525
-0.16594890744758867 0.8702755864131725 0.5043104081485862
-0.04606201351177591 1.42264013941507 0.6879146958981729
0.442367408611558 -0.7538997370294391 0.9869165391401465
0.3213124148670045 -0.4738986201353187 -0.9501175049431052
-0.37892723427541586 0.8923871397333138 0.7024534148168298
-0.81777775804735 0.5952127100428078 0.20565600177937712
-0.27667195519282534 0.878141376665633 0.602875821069806
-0.463680099803636 -0.06446421835928073 0.20380158347215088
0.4338329920946349 -1.0259511592712909 1.035045270597146
0.4298811496806292 -0.6986674515279534 0.9504355503162784
-0.37619334435829566 -0.5058822781605942 -0.1141644464994781
0.4629173458628532 -1.2465693296936777 -0.6292110021139194
0.6910738068017686 -0.6997788822723793 -1.0774990387467618
-0.8449667926671066 -0.4260428530789414 0.12706524328359048
0.3456770111382802 -1.4934638432510745 0.9098592104452289
-1.1399293269621125 0.46296285823029526 0.35401756501608705
0.4819636726797327 -0.9362067782853957 0.7580186288110249
0.0860711380506083 -0.6190850785280637 -0.8876472882291403
0.5909699884955706 -0.7738144501612642 -0.6049816309387099
-0.5522004990999005 0.00880179088236921 0.4794328717518889
-0.3616482470670305 -0.24530373306055533 0.2765312127353554
-0.3600487032362043 -0.41619993278903433 0.5055773676708797
0.04361829352453028 0.844712585006317 0.4631318969042306
-0.2693280242488356 -0.28292879382143055 0.36471747496186613
-0.7576171194515353 0.7390088724478916 -0.12360883090293062
-0.8306775321868345 -0.5073641125565871 -0.2651725784653863
-0.06747606238383906 -0.3909459350598651 0.3180895998377397
0.802065615982368 -0.6695166363583592 -0.62062752941993
-0.3237581635532878 0.7353064914895403 0.397062516788697
0.8734986515748632 -0.6719309775060724 -0.6907689137855904
-1.108495250018993 0.4532321593273658 -0.15676294879801422
-0.37552883066918474 1.1565855051279894 0.08183243822203695
-0.6223453268225995 -0.34458838571694117 -0.08762404276641741
-0.3033773057046093 -0.655594107868336 -0.11922296500913848
0.3779519884665925 -0.5729804626595909 -0.5361323775402186
-0.8835746373388774 -0.6869855633436797 0.14101871426789767
0.03821988141898075 -0.8166503484729779 1.1738842682594979
0.20263618574829875 -0.9578082985530753 0.8512433842172398
0.6442647988209492 -0.9517646401711141 0.9650581073839255
-0.14489181328846376 -0.49298803705524485 0.046983338500487276
0.17849105470529236 -0.9632756953269049 -0.5660926405967712
-0.26876591368320046 -0.91336290562402 -1.0784626746764627
-1.0647103411720438 0.7846541691864382 0.03143737158579615
-0.9935705828048798 0.7937619079495188 7.442989569597658e-05
-0.12578003729434217 0.7702687147697886 0.46233380574709665
-0.4964095199779621 -0.43080640922362434 0.04985087776143202
-0.2868484477778773 -0.0902571130144274 0.2537843518859649
-0.26472920762783664 0.8484839177658315 0.5194194672045994
-0.6872228365565136 0.596424893763879 0.30664487874985397
0.6733832006344439 -0.6715139121521225 -0.5204829590858138
0.09697202906101658 -0.553457130415916 -0.6760224467568183
-0.8826621431535482 -0.5628288773157808 -0.07111486486393502
-0.6252099638280347 -0.3391090663715615 0.003106513873995999
-0.6073901966777561 -0.7806893264832263 0.2437819023702869
-0.8055863449369276 -0.16318047411582867 0.4937821315002556
-0.9294697460969166 0.7042862577309623 0.41830830880723513
-0.785904335537897 0.6037663352423062 0.20425934223916895
-0.38286737510045943 -0.7454326119767236 -0.5309759559574274
-0.5313918684700445 0.7533637503561026 0.6035081204582923
-0.7291861114501029 0.5471275356141821 -0.14743259113164514
-0.46662084984321667 0.7559755593423096 0.6090291081876332
-0.19984189339457437 -0.5120906753039451 -0.2822216345676333
-1.0771405110698893 -0.23458478413132125 -0.24480645742864365
0.06499240900751824 -0.5332910821531506 -0.40567984994271955
-0.6789740315214802 -0.4500491603670116 0.3999009942216458
0.12318909026568797 -0.30755874972233654 0.1942729707886631
-0.04035397945725855 -0.8981899186270907 -0.6900804779651071
-0.17635784137147803 -0.11958276309024224 0.026875245806655335
0.24213561950074422 -0.5547477459117622 -1.001463017775909
0.03372363186581928 -0.8812689617283327 -0.7757082706208119
-0.20431893141393942 -0.4844578772840721 0.1101624594043092
0.4445063042200584 -0.8881714523641776 1.2771219004289014
0.7456935383221421 -1.151431231967769 0.8074761730431316
-0.5428837771586826 -0.314162823681729 0.025665342692118405
-0.7133349384573914 -0.7892865473965922 0.022619334829520804
0.060740442356814695 0.8387238585200234 0.40435980396142474
0.37483465530540494 -0.8803133634175555 0.8587813245765117
0.691355324853537 -0.612387509888018 -0.6933919647023148
-0.8601270552189901 0.8333898831971032 0.664769762884712
-1.0342375949475078 0.7186680123152565 0.07912907589650435
-0.6057252683211257 0.03592108336745242 -0.019336950317062798
0.32917050124764846 -1.0954623321272299 0.9465347078156333
-0.3151055475900445 0.7277022670557591 0.36775559003436753
-0.3434876959666191 1.0746139181447827 0.7841469729328896
0.6084830425519434 -0.9951298092178672 0.8711435155738576
0.3152554808881899 -0.8409735332772654 0.8561086460064413
0.026800888437678666 -0.44723498868505995 0.012790456597271876
0.4360764471351475 -0.9784807070912247 0.9054924959604654
0.04180755217125309 0.9255447804331671 0.5670884059565665
-0.18666456608175283 -0.3055408045113981 0.33451951950832565
0.4261842619821059 -0.5789782979436536 -0.5927019885292915
0.642723241000415 -0.9070423861086723 -0.6785959010356103
0.28426184385566133 -0.8949988281690265 0.7848465832873849
-0.057041162662609765 -0.4265010731208882 0.2849048138592051
0.5928265141350182 -0.7849800165644805 -0.8551114514034117
0.43263811290919196 -0.6810399862110738 -0.6561695896933057
0.16963361112389924 -0.4547429480329716 -0.4697213221728075
0.3991694655307289 -1.3759283025127267 0.847024626897755
-0.2222125623665439 -0.5121648022919014 0.05338571157187634
0.00358130201434137 -0.3592070641762837 0.28255996346142187
-1.309250534972943 0.8589025494640803 0.23448755611594568
-0.19774601579180856 -0.6839493644541442 -0.7478056258351369
-0.5296404892452394 -0.36469521608933875 0.3073824538951432
-0.3172887487527764 -0.15435392772046935 -0.0016809047654077688
0.2579470747972031 -0.6430013644331122 -0.771724027421623
-0.4130184688192381 0.4852429518393796 0.38488312458864604
0.4777802657507853 -0.3603267629420737 -0.7436141539414861
0.6009837615376529 -0.8571998535049479 0.7834338813936896
-0.9501250349136611 0.44992935286554947 0.07097730996648355
-0.6494704994259887 0.6965432354448108 0.3217419843580673
-0.46626280201265813 -0.353703025750144 0.46893747623964804
-0.8871509549869667 0.9208533809455361 0.02828748794300545
-0.4347758090920609 -0.5506164790481421 0.2386760865634216
-0.9545532541574944 -0.17894565352392128 0.14851776874168277
0.013539936657197882 -0.9622865120820369 1.1401981477375591
-0.275556670908837 -0.81294063906314 -0.09710149089469661
0.5429805016614817 -0.6268586858947102 -0.6597371104164267
-0.7505584893467621 -0.8260240758985797 -0.11963186013949997
0.28751157456243026 -0.7555135487845115 -0.45110672491224246
-0.7931984373239648 -0.10008432862798927 0.3364374178677878
0.541521805627258 -0.6568517208386957 -0.6343477222111507
-0.22543329125259676 -0.21395816889683117 -0.1623057399187082
-0.2934352540909998 -0.635631477926856 -0.01905604284619962
-0.5276378424757748 0.941238863628991 0.06577598643602053
-1.0398310987352577 -0.9169921762057328 0.18005702195969175
-0.10053710527521814 -0.5879853519529673 0.1760133452398076
0.29944505548842976 -0.7345558177058998 -0.7891774151543562
0.48667995002937464 -0.3737722106825404 -0.7354853277214803
0.6324972316576161 -1.1019005645982753 0.6705506646612864
-0.08723095975291709 1.1179854867053465 0.37443107096688
0.6830842430644073 -0.5222099413630877 -0.652621912969645
-1.2303924543495686 0.70302813777659 0.1674555285100961
0.5396994958716925 -0.46714480602227415 -0.4550501899706758
0.8488571987834568 -0.5329146806561691 -0.68447010145081
0.485492486860179 -1.105941361148584 1.1622680299978663
0.7978235388529372 -0.6936134914763319 -0.5567887646616071
-0.9433240556207594 0.27476988859656154 0.25774160155298814
-0.4398034447608294 -0.3617602142595111 0.19833788891151483
0.49586916116673063 -0.36985227225336853 -0.7886863636937772
0.14567517628624094 -0.8656807017179372 -0.8552912296057554
-0.45870781995037624 0.6754594056224533 0.579370534626995
-0.4300232427695051 -0.46216552329674954 0.3803597030567679
-0.32981222036158364 -0.31143272980708725 0.10873122884870695
0.5415178416138056 -0.49370869517580473 -0.5876045829547264
-0.5076672679809274 1.0018868763711808 0.6629277059499339
-0.23949555881009574 1.0228363347370817 0.48764327332259805
-0.3322074814401953 0.9396657565039852 0.5688767700332955
-0.22507233812549432 -0.4411821690829494 -0.7760542052274924
-0.0815063772518092 -0.592930896324038 0.2632035997087558
0.15288188802222172 -0.5258036354348867 -0.4411837345134384
-0.4194235717471603 1.0580362334674607 0.5196227993229251
0.11747696651065864 -0.7996335867877937 -0.8069287963197452
0.07995045900849246 -0.44548509521634505 0.21762966549719812
-0.33468008236564906 -0.5767346891065819 0.3794519847031669
0.03824143671657604 0.7461158712152446 0.40698291553596827
0.5309283786101071 -0.44257587493260664 -0.6053358200616117
-0.6321881934126455 -0.19718901921661558 0.0454616044538074
-1.0201967796075722 -0.05373162624640365 -0.2554707900989728
0.3331877566350176 -0.4292324873449772 -1.240037597246064
0.7393717613491643 -0.5863744330124541 -0.7982308410642729
-0.21092110174142265 -0.8311548252522585 -0.4878863988861016
-0.8678902841590198 0.9027213659999721 0.21865088341960867
0.32466149747809964 -0.37613095530719587 -0.44653045733769714
-1.010551650140746 0.09441411345774475 0.18407440840737943
0.10696125853732888 -0.7475860609611416 -0.8025384350354388
-1.018683115824668 0.31474896116893686 0.2888995881077967
-0.17705330468190314 -0.3837032559851689 0.10236940828282172
-0.6489581946814608 0.3175721684291322 0.21935900423208918
-0.3824615127944191 -0.43673875657602684 -0.12154504234296853
0.17182959027410913 -0.6774291986796447 -0.5593637116549599
0.5356726212019318 -0.8371896845493312 1.4402386032167627
0.08890438670111141 -0.7735398787712268 -1.1207292352689866
0.4270101125900469 -1.0975098307008744 0.6238201712395486
-0.521916104331622 -0.5225251597330245 -0.12504821397354252
0.8140149539497088 -0.6445304918724937 -0.7527944242161362
0.3342937375979747 -1.3699142320388296 0.898819464775107
-0.3114930917623028 -0.504931817281859 -0.41799370924705354
0.46821938187044093 -0.9006018337806758 -0.6618271346680621
0.635426116174021 -0.4768836361088079 -0.6448843639886856
0.6915496604402436 -0.8450360629126503 1.3663822909874543
0.7013570864446658 -0.6619679796361138 -0.5226634057095095
0.5469332587680193 -0.9408161809670076 0.919421626252423
-0.3284616494248116 -0.32883809518711016 -0.029635235281650074
-0.9460003535652486 -0.11884361418015987 0.31353743409911583
-0.18774676601109008 -0.6780196453523313 0.2033216361534474
-0.20990321421357042 1.0668469837265917 0.27468347330131604
0.4984757365380295 -0.4751241529649995 -0.8431018899614827
-0.9945851397421628 0.4765967505978637 0.46601557645430053
0.07175303934554225 -0.6350639765200287 -0.41524943378642787
-0.05545471218117336 -0.5675207710899893 0.34918097772052104
-0.7154450740484641 -0.5849296273399666 0.15571784403936367
0.3506003210543741 -0.793894467186955 0.9826474776486288
0.527202719218288 -0.908375552275234 0.9964604259448357
-0.6304612973461868 -0.21765339790700183 0.3595920994829554
-0.664309637659682 0.6772324900572345 0.2766170676578267
0.4809731252034289 -0.802370803429051 -0.6208538691175712
-0.19455631041048327 -0.3658859189361411 0.1977895383729919
0.17501167449565566 -0.6804668104833375 -0.8641284851924772
-0.8727957535378702 0.7695888876827004 0.15305802191317297
0.7409876003395776 -0.516776579600762 -0.7362205623413008
-0.2995135360582909 0.7936131654715586 0.38491481748704803
-0.8174116199893147 0.7904245195412148 0.38515371789988617
0.004945349675373911 1.377775538391959 0.4031133799341098
-0.29102474185572275 -0.2899267577302528 0.23353992097690907
-0.21489347058984545 -0.23159691811402539 0.0690883401846206
0.1400129555056752 -0.48449674208422566 -0.9231144029695703
-0.07862012609472394 -0.13497370983539425 -0.013174322233228453
-0.11620776268215471 -0.3257246873970464 0.4202001334354529
0.5724989690583336 -0.7052652634442473 -0.7357488260733294
0.4305661290567152 -0.582541488137062 -0.5866065610425
-0.03877522599168995 -0.6071512783878821 -0.3757105174557113
-0.011967335167094334 0.846658291772946 -0.03412314290009677
-0.009828974360610643 -0.824255018948088 -1.3137008397431487
-0.050900915432539356 0.7215186939301687 0.7232519473654667
-0.081417067063867 0.9049930749270916 0.3637313569136606
-0.18763309367804581 -0.37244725876738977 0.3433704874298634
-0.7512353432524588 1.0187093923217445 -0.07133541681420669
-0.9735801401993429 0.6521505227853 0.047874347709967596
-0.19234761732277358 -0.3081018265671214 0.3899050538110712
-0.0067593838696382025 -0.35902109204458704 -1.1262877210621485
0.5437927987168479 -0.43581198165291796 -1.0960654791847244
0.571100404773426 -0.6345551130079994 -0.6213658226538606
-0.1453820638701906 -0.5331578267563959 0.39125816956248505
-0.4567818472483801 0.965385617269492 0.4477767097411995
0.34439909800923374 -0.7675823467777118 -0.7677752145941805
-0.5864417066396161 0.9684589448871448 0.3862217169316665
-0.8253559082624026 1.0511056945288315 -0.16584188553919021
-0.33558976908218074 -0.47518185349066516 0.36437085682186476
0.5144714856664399 -0.8678365698139388 0.6010645680066171
-0.9762937725741705 -0.34085569302149255 0.39668286444497414
-0.2799703738603696 -0.19940425431907297 0.12560772168828782
0.25351628172494106 -1.1937139014349765 0.7787494003778062
-0.04118391311800232 -0.33124814895882637 0.07196040148163974
0.14516342726193382 1.0302813938147284 0.47730230879682656
0.8657792395423282 -0.9439362439482826 1.0045998231836823
-0.8310126536531879 -0.42802178792507156 0.27774782409133647
-0.7209497824320089 0.8619572229753546 0.015773964311232846
0.08388089125996274 -0.5297273106667607 -1.0696489247520313
-0.052547112042693245 0.911063910058212 0.6276589703999111
-0.44561664713957944 0.8872078302525448 0.6465158425553958
0.31088913022658193 -1.0353049637332652 0.8164224000031111
-0.2793079851954779 -0.40628631697186945 0.16093767982685891
-0.14929861442177284 -0.39731973130397885 0.13143771211063232
-0.22570090392425812 1.0106348491079984 0.630529494642524
0.6116757485875708 -1.119698728836949 1.0195715779365537
0.568129200328052 -0.6790915436698478 -0.41872299315389033
0.06985257401907949 -1.3091156138865805 -0.45805408179067886
-0.2358744838326182 0.7338792494869901 0.40117616801155814
0.2496204211730272 -1.0834751896862163 0.9016608002831623
0.5282856693408765 -0.9709167546483009 -1.097860026243609
-0.7739993272303538 0.8036106796627864 0.20885008948318196
0.5704552606703119 -0.5440124219806548 -0.9514008967988102
-0.22302085143414607 -0.44011459722755464 0.4320032904369283
0.9385695563242538 -0.7121199457709322 -0.9213143112389941
0.6981609713141939 -0.44659705279303574 -0.8123083041747334
-0.8657999403409445 -0.040005444063160256 -0.06320581899823148
0.4385707086598806 -0.8079956860390897 -0.6560602849858991
-0.08942268878928661 -0.7166102941921192 -0.5296940837517007
0.11031369681986349 -0.638323128391054 -1.0466022011173062
-0.7729385004675694 0.7441433621384316 -0.19141608191031945
-0.40024024293944005 0.6677021291010207 0.22984649007106178
-0.8690910954284992 0.7755007038035187 0.30034151367289
0.20907127167500947 -0.38216998146726266 -0.8588689068601254
0.5934784363289695 -0.5614180860531103 -0.6538969345865873
-0.3679727754452419 -0.628518364799647 0.18701806247919323
-0.8269040129035521 0.4264813530258228 0.3594424878127293
-0.981582578895478 -0.12077563527921176 -0.15075035647782503
-0.5155163403048741 -0.5310145206172157 0.18879051845675227
0.5326449483191069 -0.9089071663311941 -0.5445192195271759
-0.7834643793601117 -0.5489910533033213 0.4663855255175557
0.1049365641885157 -0.6368253700924406 -0.9459050210451342
-0.39570583091021033 1.0662677704604444 0.4190399538856515
-0.4761002480024202 0.13312334995428932 -0.13438484664292202
-0.1437349693679696 1.0834988814543107 0.6031801455237378
0.5167986757036145 -0.7532195324268258 -0.6542647791226726
0.583564225480702 -0.790791242178563 0.9797504496095082
-1.07229130164671 0.22944326903330425 0.10505386947518933
0.7363270980924946 -0.6509869937610399 -0.632876191950007
0.1534496340481286 -1.1775174234923578 0.8415476522013947
0.8256981428185418 -0.6169977545624074 -0.6879954787946124
0.365887085580767 -0.7166737239858828 -0.649251803428715
-1.1242429710351332 0.5770046719021689 0.07412442850991982
0.3418305287119389 -1.0804003904314279 0.6832918203696308
0.6056038844475655 -0.4629464578160839 0.8847899254087012
-0.9824206448835806 0.6371182098471366 0.2639375295881412
-0.24864107720313794 1.0760718469733694 0.3658377972658684
-0.7942618588936512 -0.49741378467625813 0.009499265479920575
0.012193420401107491 -0.5887672778530662 0.28419400916783494
-0.02259728079180634 0.9438802921778212 0.6229603923741875
-0.17471163618990848 0.8203962557981017 0.8129176940397582
-0.19460101903827604 -0.43737665199332143 0.2412919506916588
0.38564840848838355 -0.9699195242404535 -0.5469416123209107
-0.6807085834015825 -0.5540250729156813 -0.02270806138896149
0.6486600445368886 -0.7279932061160748 -0.6381040967666023
-0.84677165141392 0.5794469848418966 0.44021283000601275
0.5574595229347976 -0.8877885310542617 1.0583539401920132
0.11829250128494145 -0.8731708211070526 -0.6915832171750869
-0.29714982501605003 -0.7328634010789341 0.2972879451766308
-1.0089754962736237 0.771908137379966 0.019699573197851095
0.7132017270819161 -0.5690771983766503 -0.59314399458954
-0.0312476270862308 -0.8798385922500396 0.9665094573322688
0.006441573948663015 0.934362410765759 0.4059653523098074
-0.6401197672086061 0.5905526892980885 0.40923517882606564
-0.5703891253204938 0.8556179041057597 0.2798822810072963
0.09722162834824372 -0.5630283140870994 -0.554862181984957
-0.09111376708313401 -0.3451058840058553 0.09297289048449889
0.37100722610570813 -0.953169418073651 -1.5582131665176155
-0.630306043772795 0.7245111555513739 0.7273705429952937
0.5743088682050076 -0.7164834977545544 -0.5752118148368328
0.17721302496682503 -0.8043252647161403 -0.46638160618533114
-0.007152919949257208 0.7387519939449362 0.579857306240701
-0.46714102602869384 0.6198844622541665 0.49494616054812207
0.04682479866997705 -0.4978999454562869 -0.41142868312048403
-0.29688156962369794 -0.5145772033542604 0.18816624125405573
-0.2545671079380303 0.7264744180489735 0.22105667541038848
0.4531385017150452 -0.6443196762274638 -0.6071037883281484
-1.0190609503042232 -0.16463023151699285 0.21013521301410512
-0.6655522966453226 -0.3482105897219224 -0.6082602082793099
0.04160334261875234 -0.792498477617445 -1.010122804266926
0.46345913790074816 -0.6580613018933597 -0.4838363298992022
-0.5221161931410376 0.7430685278439044 0.3996033316308031
0.5283264119897225 -1.0908530885203631 0.8447765113620874
0.25597996968284475 -0.6247738422306552 -0.27641164865760137
0.602594107841002 -1.0804528035294627 -0.6695202183092027
0.5598955704371283 -0.6736985301676979 1.111356023254295
-0.1679866767410762 1.0980371167932854 0.34606819899636765
0.44625502756441215 -0.7571874290642215 -0.6943582209237165
-0.6327995070108057 0.6666348537213496 0.1420994314728317
0.43507132195987774 -1.169428125504195 0.6115802958324787
-0.373930253791875 -0.16181328414075716 0.20474769070555435
-0.5006320732374361 -0.4291191624251094 0.3893909289723616
-0.3681151756566243 -0.14761005915556977 0.2494507098959684
-0.3567575297717544 -0.5817285907150476 0.19133946564457602
-0.10969653638683285 -0.09442728326497785 -0.7656920254818932
0.5190607093564716 -0.799122108676537 -0.7948629449399636
0.27912831232817914 -0.9433117867894533 1.1039149306267702
0.4017551423630856 -1.0603109840274536 -0.6818504347204486
-0.8470552656270073 0.4721745251294135 0.21592051416651073
-0.30096324641194105 -0.15419936872020867 0.03344960402316274
0.6378717081474032 -0.4934747733275213 -0.8016253214871505
-0.6158450425661199 0.5687315453964683 0.2514448808921099
-0.4346564514867364 -0.45757771227865546 0.3207192310086229
-0.7007380175587447 -0.16104495884436743 0.17107326513597007
-0.6826100223713503 1.040420343842997 0.4674722663317822
-0.1120436517030336 -0.5413986666764167 0.08409029726254083
-0.384139767212471 0.5660614184214301 0.2350089320595343
-0.8151714205620224 0.7318971901933022 0.29276595574696335
-0.4296670669215905 -0.6407598714912888 -0.3462519172983222
0.7319438376614031 -0.48214307517597027 -0.5814864141808284
-0.10012443386708894 1.016585248480622 0.7187263194703679
-0.30447429337234416 -0.9625259311499149 0.315564903863561
-1.1443970698159966 0.7235969603856791 0.45736877393122083
-0.46369757394386885 -0.00015918054255842362 0.03330775847042727
-0.5488119540700557 0.24114978454245323 0.0530644985377324
0.3487758842269869 -1.294695112143492 0.8737210720220945
0.047495504349572615 -0.3792206696748642 0.2558113351532378
0.15618305388164916 -0.6877879397258333 -0.6484469640892528
0.6690239964251323 -0.6419918811388375 -0.6629870986826701
-0.5329791071261862 -0.7162654424431141 -0.08541382968092456
-1.0590971885970248 1.0160126848964666 -0.012002346056111418
0.2959401279777448 -0.46016695293692644 0.8493914553359055
-0.5986045021137048 -0.11749339109319473 0.18409519618124168
-0.6291122556670863 0.8564998073162144 0.3331813778270959
-0.20226602219105538 -0.22346762848468618 0.14019551994421495
0.14943376241575 -0.6735942183590528 -1.2587115818377943
0.386102863382527 -1.2218698708718403 1.1657392197143552
0.31745749524676004 -0.7805435612644511 -0.8964007061474114
-0.2812650727934499 0.8013160972189818 0.4629508566515545
-0.367651454441693 0.8347389437839232 0.6425851648284501
-0.34761549251381924 0.7888209905399632 0.6417275940511596
0.19579492333686285 -1.2621303635899697 1.1767568668806738
-0.703030314705409 0.7308141442647081 0.48886006647500846
0.5836255332198943 -0.5937502965320082 1.1497338092031286
-0.4456982528937662 -0.8175865937015109 0.3221747517728039
-1.1878447757054627 0.5492484634897242 0.3159431329310889
-0.8234356388142426 0.9069629285151763 0.06234625733282778
0.4642740274763446 -0.5925754503198026 -0.6260777938086729
-0.08746846375339745 -0.6210270526893117 0.00793339654466807
-0.7630415720890004 0.7249951540730067 -0.005326019703001256
-0.24673193562831408 -0.4917236969814325 0.3895495920818522
0.6558449570384195 -0.8711348140181926 1.097270706317735
0.3441831908397734 -0.8956134145213271 0.8195770788354596
-0.9678822426808533 0.8336838381403539 0.10644257763982423
-0.3411610605444388 -0.5366208141330778 0.1490998451878881
-0.370695211330697 0.103396517116839 0.2863691766036676
0.239965519289289 -0.479071369527651 -0.9107217949403641
-0.7566194283985969 -0.09389023514180023 -0.09689145249843104
0.6363136973246823 -0.38587801543968375 -0.6359485122731803
-0.3451524533661414 -1.1263300731777925 -0.8242415180673219
-1.1738500825201015 0.8809222503880033 0.4550967849844613
-0.5867240654125943 -0.7848544610620909 -0.05804359469897531
0.29106145297900043 -0.8773125983397042 -1.0275787585084328
-0.19921060668559734 0.9537170541803284 0.003943044415978647
-0.02487622217961452 0.6769351087953757 0.6085671382413458
-0.6021499498664193 0.6752625479396716 0.22854721448600096
-0.6494559466026755 -0.4730116570769095 0.16994068287941647
0.5597870958868174 -1.3118596648598124 0.9715292593586264
0.8081338426970226 -1.1660817457276582 1.1673189672029918
-0.8459590324599089 -0.5593910325564789 0.012381776787030653
0.13340996222585633 -0.7272255953608233 0.9206367842238271
-1.0623060815710057 0.2749963464681014 0.3308800607998591
0.25987795153748533 -0.9729013261543035 -1.0233722487775192
0.7908993192671703 -0.43432954594330253 -0.798137099045976
0.26725630584075044 -1.3732014302300524 -0.8026657785633444
-0.9586281434020698 -0.37253445299030324 0.42034436705440636
-1.0096392659543594 -0.4441685510926937 0.11732725834917132
0.5584016663895259 -0.4664468290535887 -0.7222804145880579
-0.8674543166647959 -0.9572655282457166 0.08799099658783109
-0.9068906053778774 -0.639478761101331 0.14177349697356115
0.44944717458871863 -0.3050405188048982 -0.8503087905535145
0.0591555250573218 -0.4470001394362866 -0.4446215974475637
-0.053622504496769474 -0.5603886217195462 -0.7275363318451443
-0.9313854788695941 -0.6335340309064386 0.278154813101806
0.31295410655595834 -0.6279570346938654 -0.6116223792332801
-0.4802934835888608 -0.671859564771893 0.06354900010546467
-1.0258829824442637 0.8480372717764191 -0.3493869260923659
-0.8352862301707118 0.7674002951584182 -0.00246058237888927
0.21783068618227264 -0.8098114750954138 -0.5870558196577683
-0.19896033292067408 -0.5007456525140954 0.366553138221428
-0.5963416479399722 -0.3668880909264249 0.19350711812206156
0.6853337881003527 -0.5541324558304469 -0.6309625129391214
-0.023887017085423012 -0.6162274038090525 -0.6467123642974505
-0.44540647510579134 -0.8123750675539485 0.11930568091962794
-0.37466236171702694 -0.391406368004976 -0.268293449097319
-0.893453783308894 -0.6850949435889784 0.26109404477989034
-0.7436882393890256 0.9998108474001013 0.07482464235196476
-0.6024764779306659 -0.10697281116023011 -0.14924513092413647
-0.25950467287745577 -0.5146452628507839 0.2837274891132041
-1.0443372101855526 0.65501518265763 0.301282686376364
-0.19230255125130008 0.8427053651584281 0.1639923201747785
-0.592850467230283 -0.4869188921233232 0.4392845649660825
-0.09558834995206432 -0.4250376398201419 0.28955231439682244
0.4779863895935785 -1.0482616592391265 -0.7187387859654585
0.04081873583047313 -0.7834402747073174 -0.7913737690320196
-0.6544461391776237 -0.007296773145610003 0.3656530532021699
-0.9124248241165143 0.5063181491360526 0.16073524932578592
-0.08111888261742453 0.7881361525417347 0.5211025385105821
-0.002329940205210934 1.0392210125913288 0.2849241972788477
-0.673521104105075 0.7995366645403801 0.10418571473643817
0.650311999427791 -0.5984812869421848 -0.5896951714816754
-0.006557799928048946 -0.8277190924235912 -1.0465331766357258
-0.9390193299230116 0.8179835528365402 0.1609749868742882
0.15405824871984375 -0.8600026416401951 -0.0699410937594297
-0.13945842143910533 -0.6736288671707422 0.17022749571013074
-0.7825350983579482 -0.6397778938023674 0.22130351315171712
-0.14659131290030314 1.0972568634281725 0.5627495586891991
-1.0250348230920294 0.10155386033577929 0.26628004169317465
0.026101395825323392 1.0327941908706222 0.4391685079392042
-0.40286088723536473 -0.48429572494153605 0.27054932065474446
0.7597600421984859 -0.6388850276830862 -0.5025797816846904
0.21233314192733563 -1.0083173084135748 1.206722958895435
