0.978076117851227 -0.42470970459934887 0.6852271046795759
-0.5147753002396867 -0.27950876254926293 -0.3200797546383445
0.7135392062626238 0.8726992987848801 -0.1831814131960532
0.49506483952404134 0.15599369549594044 0.49738647541944414
-0.6881915817923963 0.9651610180893886 -0.6302759347475093
-0.46726094058822687 0.4375949405842299 -0.9191807395364662
0.771113624840416 0.5217861349746862 -0.6825167655687838
0.011687092554480527 -0.0388616932297976 0.5018575435710564
-0.6226386397957056 0.6147217502162838 -0.8204493706623102
0.10075299193174336 0.6015515310066872 0.7678148748375322
-0.26076803395019166 -0.03851732707159128 -0.7062322945404793
-0.7972728192075065 0.7498533340701747 -0.3482550499808208
0.6670220166725773 -0.8904034892089265 -0.5734657056153478
0.931919453168863 -0.0440644685021685 0.0362579361734634
-0.7787391179524232 -0.8640494710535052 0.7967702561318091
-0.32541477124470064 0.12970964020521247 -0.2420664435128126
0.4901946930906744 0.46976573818536305 0.5836973008290811
-0.09759447177957048 -0.4307892206805195 0.10563425231271162
0.788651345583034 -0.4866009886478502 -0.6504494034163888
-0.1388213902285509 -0.5093986241954482 -0.6724455119814663
-0.5481423502171823 -0.6507090158334605 -0.09151448794367711
0.2160568557560787 0.11376771404696684 0.8140808054796187
-0.9868533181738435 0.2632439937287101 0.5840778133449915
-0.03555415773708415 -0.3641014868287804 0.3766322052488251
-0.8847689275827504 0.8311264657487516 0.3918983527243265
0.7341761420822277 -0.9244495070617664 0.8492908128812307
-0.9364889818276194 -0.9023976348372353 -0.3137542596576868
0.33645080220067514 -0.2922858117638987 -0.0966215233415264
0.06959627127045898 -0.08583446331093603 0.19691837281143942
0.26332592906024477 0.45769111299833454 -0.1693978728070673
-0.7149695748847555 -0.3262005967264807 -0.665011154980254
-0.4522467818662097 0.7935124270042155 -0.19974693191736215
0.4007074756553777 0.870387328978905 -0.011892887534057817
0.1980273384787874 -0.35767354854237654 -0.2455099289954632
0.0832728083305756 -0.3684214182506753 0.8754528278294598
0.739398704538631 0.7952451254723731 -0.01591519688294074
-0.9983507353483296 0.1688993498851068 0.5181208724720416
-0.5801661343113131 0.43630074618967885 0.6032157764200758
-0.43001637167169915 -0.09289283787665559 -0.0058726459578242185
-0.9461477467077888 -0.5400531496321506 0.2861850850025103
0.4683766743300717 0.17523297980748742 0.9102206969370559
-0.7244208635594667 0.900623988640971 0.7853223893833854
-0.31820287056491536 -0.6281957526691928 0.6049750619726644
-0.8179221014571236 0.7730770738546935 0.08183086320855182
-0.2433131672477038 -0.6992133704189574 -0.5331139188139313
-0.39172456213186524 0.715714023911701 0.8100646949573609
-0.11521069421911467 -0.14000553101369406 -0.5603884170222917
0.4757605461614143 -0.22206843247770136 0.3006055570191286
-0.41473403171882084 0.39711590225352666 -0.2070606202220382
0.5125379915663495 -0.7432574844173685 0.002654145618589343
0.6811623889518941 -0.05097258801986282 -0.8774961173892717
0.15100908983979644 -0.2836826956035772 0.7909488976557766
0.8238268696917697 0.11236077784268428 0.2441586009208474
0.8173039232614723 0.3623286208715484 0.7499942120719918
0.8172814050961745 -0.35699605003752666 0.8995737169080813
0.5582666747375584 0.6529995304136726 -0.6033210193089005
0.10067038533928829 -0.44047610803898474 -0.5147815882395328
0.2371295160006892 0.8885924497211304 0.02513523207811441
-0.8456024276328988 0.22515313955298621 0.6305978535081709
0.038121238667169655 -0.8253957314607396 -0.6182119745028953
0.8307243807418525 0.9069511088801303 -0.18869748640434203
-0.2879271586914731 -0.06149926867295763 -0.45611225220512597
-0.8321811461248141 0.663222632971517 -0.04766599975910135
0.9358398918570157 -0.12582603363331635 -0.13616595856291402
-0.9233066405283981 0.9695555648483103 0.09493789190285029
0.34720147994541595 0.2435166363998702 -0.4117254849174723
-0.12917414524164705 -0.09378917582984303 0.08088127320681959
-0.5305355395895395 0.17946389634576532 0.5396283290478054
0.20236407729969597 0.284016672426354 -0.14130196185821386
0.809043263540469 0.8294479049752594 -0.7849098565391455
-0.6483284496838362 -0.38962604784132226 0.2852014505167524
-0.043933033323130255 -0.9095925125502125 -0.5296343231968681
0.35786860487140193 0.8295776835980218 0.20909882715678374
0.6908505233083826 -0.018133324416279573 0.30197368776943434
-0.16536520086326512 -0.26302386654095855 -0.26287969400430944
0.09763191458070741 0.736755299422452 0.03739752946052777
-0.4619971830234979 0.18988289600476893 0.9357164843078314
-0.7637150758493316 -0.8729578802912918 0.8160093930270178
-0.5079388471491382 0.3525663199133029 -0.1731791238492837
-0.1626913403939072 -0.3572938497163898 -0.1704170076038487
0.44980337423773364 -0.17340396129214275 0.1618615648045978
-0.8608125626521042 0.12595402219122986 -0.707307121991485
0.7306061961977961 0.1006178583462023 -0.36262051409849305
-0.10603797949637239 0.9941266527948116 0.4532006939229545
-0.7243980265004775 -0.6917317766309734 0.6354321156194989
-0.8167348091703024 0.09161510102030102 0.42708426638164454
0.676757537366429 -0.5500086956430787 0.5713413121276583
0.8271240537606255 0.09104271146515641 -0.06935711867124139
-0.5121294149829299 0.04724618146443493 0.5121817078636053
-0.2678629660015912 0.9865666092791017 -0.2088287796066579
0.06142404735638385 0.9688223973877004 0.5363516216253601
-0.8967344244577247 -0.01111831459505086 -0.12579180488569985
-0.9527913131210501 0.2595409550779917 -0.46463345755570384
-0.325720004967363 0.4092520893946572 0.9121567339182126
-0.920117939858808 -0.5086900622962749 0.5639046856808265
-0.45912060301463264 0.06401758446250327 -0.4311807491797133
0.6038730184503509 0.2842764120443395 0.6561855563879364
-0.3165485822105336 -0.7819478929437269 0.7413012548483209
-0.5061100126174252 0.2691200054079954 0.004689529793694414
0.5560428139679077 0.7659944155963216 -0.4471970790618296
-0.7996911755233449 -0.059347437299315686 0.8281338934368525
-0.8031439742966815 -0.48693855601614566 0.011417602981006025
-0.5614901309975122 0.5602987791177816 0.47580735710505606
0.80306814099698 0.6008476247555363 -0.3974974515868357
-0.7845207003499577 -0.022142266903897756 -0.12654552261083496
0.8795728266180982 -0.016120846261119093 0.5777274003947668
-0.7945334674863505 -0.10434091135016965 0.9608612258256848
0.4826252735355847 0.16629490398362234 0.6780897774839807
0.3322242485465192 0.6191993603323196 -0.6593872874735172
-0.5405000422260811 0.7374675267302162 0.5822993432180312
-0.6151605168249985 -0.04758861395824554 0.7218152485728915
0.9573707516359755 -0.6675037316266925 0.33060633501899583
-0.3128364612478718 0.42470856079697117 0.9903993642547837
0.008651561330716317 -0.5973048051256775 -0.2534670709444411
0.5102195210120954 -0.35154727862320967 -0.12472005856127577
0.2693727445092453 0.17353784377632087 0.6969324240749419
0.5928690723426226 -0.7136915871532648 -0.15092090687490578
0.6362466534542561 0.16922333171810955 0.8649357887226574
0.48503917276619846 -0.13964496573688923 -0.1272535670499031
-0.10832139360584336 -0.8612493487392614 -0.16269069300068772
-0.9627390653593209 0.3404625754293158 -0.4863461616133995
-0.33216649797560915 0.18837262266635624 0.5696175776652674
0.9184890291067644 0.7124937247546121 -0.6233873502837122
0.9871320442245191 -0.9521243921414797 0.17982015902018644
0.8534176098299531 0.4069489943623579 -0.9310417672636813
0.6617105373365479 -0.7710021324092993 -0.6688740239614526
0.0856658758004476 0.17073383673730658 0.08214976927159912
0.9832421108260059 0.909638186241615 -0.7634222562587374
0.17290569743585116 -0.4554120453177264 0.936330382449001
0.20482351870418203 0.5224648151332112 0.4334216106287849
-0.8227911577470257 -0.31837395144867053 0.7369872476485753
0.609285245793789 -0.5561642207644435 0.8673382861794177
-0.7668911327841581 0.7668005024766429 -0.7693985946008348
-0.8976783845457701 0.21186586080785963 -0.0024148688141769625
0.5015729722384228 0.09327576164000284 0.5284265758457718
-0.43401296754505814 -0.8354618912214078 0.3299454976387406
-0.10111048242681275 0.5409816380735069 -0.7132803061084683
0.49812872443792755 0.20149163806469295 -0.5499633710546676
-0.9391171205357336 -0.36690452130101203 -0.4360467897720206
0.23955145181648763 -0.45203803730447567 0.44685531185892136
-0.6100221387914055 -0.27530919910636764 0.4743484616304434
0.33631283045813554 -0.979484868294703 0.04041374436267575
-0.6975132776003758 -0.6168459210510362 0.6055047876424342
0.2632124513757561 0.719388910516418 0.6048895439993704
0.1382762758934426 0.762164075092647 0.7190977408361303
0.3262010081110944 -0.8018182127748845 -0.2560874853674522
-0.29885990618204916 -0.40306513401842015 0.37074479771156454
0.15209928916436444 -0.14520778904009335 -0.7678208991568092
-0.2335247216668428 -0.4341396219226903 0.8494039213166069
0.6318720041614403 0.49161466622681393 -0.36124697999882494
0.74879990014203 -0.6340366996069888 -0.30594183514840356
0.5059870396523629 -0.8801077506342962 -0.2873272061236003
-0.48522388908655123 -0.2248158968698848 -0.7355572603217859
-0.8935363517444275 0.8537946335289943 -0.9491598984155789
0.5069602851438118 -0.1678129473253518 0.7257384815008412
-0.039869816108505596 0.8359499183169465 0.976788758874042
0.629969116050066 0.15488215705457953 -0.5588775491084841
0.38701038654097664 0.4268637615052937 0.0738484208368897
-0.3221711870447457 -0.5403435296610459 -0.9139406949697095
0.9425339758887605 0.38153950095847167 0.04236028964873406
-0.1571528757052587 -0.3531309360176116 -0.23466009101274898
-0.9035587471808251 0.9529197996296039 -0.5045448331933664
0.7577582117268713 0.5573341293934282 0.6666004529418132
-0.9177343911305864 -0.19201415740492167 0.7727858670657513
0.9170585581983333 -0.633660631043728 0.4475329854630843
-0.3033295604312989 -0.6290283545321884 -0.12901439585129304
0.288306421046983 0.7587434354810632 -0.851142558760543
0.7780488519625233 -0.7031332265285644 -0.9144624382910658
-0.8373386063996147 0.7700332804680743 -0.6279733252254929
0.3517294669221187 -0.4901082211454908 -0.21238728426753672
0.8513039321181619 0.01721242688768876 0.7191403288457812
-0.6877756937238924 0.08589812243984962 -0.9873277808810605
-0.8141467162485359 -0.21228150671943125 0.13614629349316476
0.42071551040447264 0.43931270201309847 -0.104744992039433
0.9051947876199717 0.3631605411159142 0.03243529466617989
0.20788592839441788 -0.02701475388940877 -0.17696383947294025
0.9774002431197657 -0.3393878727789008 -0.7925854918758555
-0.466829567106015 0.08979616743351859 -0.010824720157085688
-0.4850175135863757 -0.36031746140691956 0.5892280802957373
0.09020086689927753 -0.6527892162989704 0.4745991036009023
-0.8184695395060475 0.8240840799165348 -0.4545176093358205
0.8183670124789244 -0.15447917037191594 -0.33436858639439593
-0.12996253586026918 -0.59769391070796 -0.786054527792982
0.12588924556177372 0.26250747566797417 -0.8162748222692426
-0.6805440932222808 0.5828378903596418 -0.6652637345478878
0.34509761448847787 0.4738315577597725 -0.8955233475524482
-0.8149437113623696 0.1926183056178643 -0.04159540152948926
0.8318361875775182 -0.11653912327352778 0.09818191449906122
0.43818974964089064 -0.8663037519011612 0.6954652159166983
0.8722573851973237 -0.4781100899008821 -0.7082374506703815
0.827627972252297 -0.21325751014916894 -0.24941018670335535
0.06953875123075193 0.6823576743331781 0.8431389830223737
-0.9695306992743662 0.20464242226986173 0.6300444957243305
0.9386521468447919 -0.7403647922924681 0.40737927647114014
-0.5123553800935492 0.40076743157035355 0.7652413879549931
-0.8853163224700458 -0.6254964199262985 -0.4457595254337914
0.491494952756486 0.8489932319928044 0.8744122018541005
-0.22250153629686786 -0.7285411106866162 0.636405558659114
-0.08324293907199931 0.4593831917386437 -0.4027648404161972
0.384914212689494 0.8409708888045879 -0.9852482901963697
-0.6464597238375214 -0.20841005513481092 0.1845346003020898
-0.7153868027523984 0.5366464340768244 -0.9596332670830261
-0.049237676583631984 -0.9245302055289748 0.7076633604514102
-0.1594632882199234 0.36446916339521795 -0.16384545608749046
0.9423347127311683 -0.06495738730264522 -0.23805441884033196
-0.7375301610143128 0.4801525497306407 0.6499561383575536
-0.12710382391058772 -0.755979484881909 -0.4271754128567231
-0.07133350848592901 0.6547598718534113 -0.6277940647172526
-0.3189091134029205 -0.13135675665385893 0.6145951084458237
0.9366660370765167 -0.779296935012904 0.5273162062329642
-0.835214120209385 -0.610604276510021 -0.44267891238084567
0.8397374649591118 0.1019948360279801 -0.6048181437014886
0.17778720877782916 0.23291885739300033 0.47975185527341857
-0.15333494663568126 -0.151647375797068 0.9294073421389768
0.6238130475187558 -0.8495784483385198 0.515525738137715
-0.28181677112341985 -0.785457951090889 -0.8053357739307814
-0.2491547580926523 0.3179550952588317 -0.4069465770371232
0.34741660848695477 0.06763854310114126 -0.5851926837930377
0.7653022303391053 -0.05482396154029878 0.23854347594808045
-0.3357146478003019 -0.38153293960064016 -0.15497242683655554
0.2647964254576636 -0.3097997864699198 -0.9017682125431989
-0.4895529790188058 -0.4498262588814008 -0.5751358873289774
-0.5726629172769857 0.7267651877679058 -0.407152692849553
-0.3845029814622474 -0.5447092062591532 -0.6933534046730896
-0.013708743060053985 -0.931044096152273 -0.9218508239137853
0.04744165099208342 0.14660862583251544 0.6401933755622391
0.44406426921399 0.797717494414403 0.4456455435480966
0.06966727737724931 0.3252697186890665 -0.18892866983291823
0.8288391454406645 -0.8579305033367948 -0.23089675050197855
0.7927100604159618 0.9740441976844625 -0.9638584345548835
-0.8958677502832637 -0.6965084756531128 -0.5769993592348661
-0.5301493720311639 0.13883808501195016 0.07091478448302713
0.9229473344686543 0.5930248140894472 0.6113145453807147
-0.49481335133655757 0.2781358162934584 0.21161518060013562
-0.4598664575969933 0.9863635495287928 -0.6577022793384324
-0.08715091861675606 -0.9233453223938421 0.6954335213600478
0.5350016721010262 0.4926572903254012 0.7593301950849876
0.4363990071944224 -0.9567532014908731 -0.37926767218400115
-0.5214353278633153 0.283584964498236 -0.015439621108792156
0.20517800988405077 -0.42143269532793015 -0.7867334714651986
-0.13205610265661605 0.7853470445291053 -0.969794251822014
0.9238638445572374 -0.619355256793475 0.27842732474806575
0.09090371079771642 0.5771639528039587 -0.6580184703583805
0.9819637176392417 -0.8075114927913345 -0.23074234788215864
-0.037992564322096634 0.5351734118321547 0.2894335715683891
0.31224804519653215 0.1822216213726442 -0.8751454990794236
-0.3543095497758588 0.7467876776786406 -0.802519973420251
-0.7412136858946763 -0.04813809686598036 0.5428173533504104
-0.9398589772454791 0.48465584578183973 0.8966702556315038
0.42943092509602643 -0.8228254753306197 0.7634176458335276
-0.41005292094948387 -0.6426751974509972 -0.08196607703623471
-0.5051785719578386 -0.5619588235590807 -0.9129238624496059
-0.7526475526617074 -0.6187775151762289 -0.07734515570339506
0.42482110937135276 -0.6974782617459125 0.3460737508181171
-0.4195984106967683 0.0617707757778827 -0.610031749853077
0.8111754252495769 0.7995444018529432 0.8518217346864194
0.2645014102123071 -0.5001977317902011 0.005613852062146263
-0.1375539796258909 -0.7257886818383918 0.21538661071106247
-0.7884932513509659 -0.9975477560400641 -0.0717770909615989
-0.9455212387786194 0.18450955969946858 -0.3309957566707262
0.9645483578750775 0.005177347423862777 0.26485407156756535
0.24075893908088264 0.025465894974241232 0.4848625503766859
0.9474512497381933 0.7589169823262447 -0.8217862446102031
-0.07916638901823303 0.3419234588468927 0.4529398702447405
-0.3063304860878908 -0.17903554712835223 0.1492430051380007
0.6316417308066666 -0.48345145907651377 0.8682996466140409
0.09577644484809777 0.021008186709708054 0.4925841954252941
-0.3164735691473335 -0.5160352439858031 0.8695998315427946
-0.8784368157619638 0.9306233792495673 0.2622929047482936
0.9842737426150303 0.6506762406177073 -0.3439815916988853
-0.8069022473737244 -0.8339151166989143 0.5178199561861521
-0.9320814589626483 -0.26578309611478845 -0.36545086396147153
0.04721998601885402 0.2386025006650938 -0.19741484978998947
0.6706996382541024 -0.6057998248215244 0.886875192344986
-0.6293542709910211 0.8049033653272943 0.9719720710121205
0.22498422785476047 -0.29210348023261434 -0.28784856461995
-0.621873755577893 -0.2570567603188496 0.6753615751589361
-0.30401174329085934 -0.6427919779769415 0.20423268978322295
-0.32822169040438 0.06039196447065631 0.7367487315515608
-0.7461132556057508 0.18075655333688712 0.25937052664177407
0.649191567345867 -0.22154817106800806 0.8676615897215167
-0.7455093914123536 0.7057589189165985 0.4719009347446794
-0.45081947662633093 -0.43114638343430434 -0.10470321458298049
-0.6642853162226019 0.92922446798958 0.26195802173783966
0.41403429866483177 -0.13289412616901286 0.44597870666843265
-0.06729788630238809 0.3660326558966962 0.6021323219551684
0.9017095867847298 0.3028450959276927 -0.6743915238560689
-0.7092274669221914 -0.2757420460068394 0.38859521755229753
0.5889199433550423 -0.033988725720568214 0.33763298972437705
0.801869691378261 0.43113469869373255 0.4947354400124748
-0.036300034380759794 -0.7178301523684059 -0.08649517568598863
-0.19850267879876826 0.1534868704012482 0.3858535046260325
0.975862051670936 0.17381833855363293 0.6881065854523896
-0.545865570462728 -0.5053608653521788 -0.8186757582352335
-0.5638794113838732 -0.4808630036213546 -0.5074739258317167
0.06263036409240463 0.8688173371153864 0.45042388020896196
-0.19096725761117317 -0.9096427826420042 -0.4042053482612473
0.4149713626690301 -0.2296862115225966 0.7357388655959485
0.7796994324618065 -0.524142680322033 0.13043407332375767
-0.8494937866187815 -0.9640685777831046 -0.27060827370767826
0.7722260577879831 -0.3408901254076737 -0.7161939456697934
-0.3177720777027022 0.9568606452548487 0.586653694948343
-0.4045793236747586 0.21021836219629275 -0.13145107445209314
0.7315467431380129 0.08794691986098102 0.6349269201392995
-0.5674480584268311 0.5368876623312944 -0.19279678661094168
0.8499949416551609 0.23689621116687043 0.9805034370162431
0.798980775683241 0.44913123984420844 -0.2644337116194304
0.42961855225062173 -0.9258016506810582 0.8329781793735671
-0.4996089459734787 -0.831298920969251 -0.42026428130657756
-0.7779093949634655 0.8510868873124116 -0.28863516760857766
-0.527306357154431 0.9797169689550711 -0.709507374753042
-0.6422886052416732 0.8644564072076335 0.9826449948673495
-0.5383825288627624 0.8308011883650084 0.6099403195352393
0.6297935770948377 0.2949892674867878 -0.6127430108595362
-0.5504754049604859 -0.5538337111278666 -0.8159843999366456
-0.03904117511125316 -0.579386651012257 0.6267619078339122
-0.2541808516454034 -0.7893950264951342 0.08914434192313414
-0.08818237335512702 0.36891003855257787 0.43488176478922513
-0.05964657723974631 0.12944645068576954 -0.7246519836641936
-0.47612117649736585 0.4518338918628604 0.499314657861174
-0.3971828024363311 0.7171546556013424 0.3971856575302184
0.3212873041307529 0.33875286865370957 0.7215634766478858
-0.45863952761982874 0.2648436610583471 0.24664294064483805
0.630186682400071 0.7690514522684211 0.0006729878075379947
0.6457519740201596 -0.45636721110192857 -0.041526098415629153
0.17878938992125915 -0.003982501113625636 -0.7895263741267748
-0.250875503493845 -0.2983631704923686 0.7482090520072606
0.22610374992344417 0.11300208469497641 -0.603635598747682
-0.1704285560658898 0.7684138703506973 -0.8028303390540048
0.5997029451674754 -0.1355953917873578 -0.08288253684628133
0.18926158861705877 0.8194186554476364 -0.9222879799095047
-0.06758309436449306 0.26945965085995716 -0.24965247400853996
0.8546905904866402 -0.6635991875163139 -0.8461116151607717
-0.6967577782003604 -0.6708301030313302 -0.2579886277051131
0.40872477327922496 0.8123045923536845 0.08380868489583859
-0.681077117858683 0.4549750365020755 0.3466171732228258
-0.9897970560220526 -0.726642546028083 0.22738988002173355
0.6299574253838167 0.028431716119784456 0.7259269656036531
0.5501179796438382 -0.8504829845854589 0.44442816537820207
0.8492979325368697 -0.03083886353824905 0.6020027086471864
0.5035556971059256 -0.5496365315585166 0.06970501672547447
-0.32436891007132984 0.22645684937628308 0.46033818664999804
0.33832945607700937 0.19255673598295409 0.23551067351522192
0.960932586151034 0.3727615546978862 0.8997395136026654
0.18447218291781797 0.9871609473247804 -0.13453829816355345
0.8564257100766983 -0.6817387841023781 0.6594626021499161
0.484241762814297 0.7470252993398483 0.19684029054072716
0.541192990996515 0.1459246046092051 -0.8263623943219303
0.45638938923273087 -0.503074102160441 0.7578426285854409
0.28761314209376443 0.5878670074214605 -0.13052605312199006
0.45532333619729926 -0.6372532219074916 0.07004351093478745
0.570252341135596 0.46037274392575633 0.9258512391721563
-0.28677636889633207 0.7170940892263555 -0.2345418593978177
0.9093191967202918 0.8026403564888749 0.6175620685474721
-0.49137712624239294 0.2066789340955697 0.6875868731919874
-0.8128124021321101 -0.6126735514271731 0.22432201832254073
0.8880739468975423 0.4635650949550154 -0.963923168105572
-0.8026614761075226 0.32652551270658914 -0.3832260222830284
0.7335567416726083 0.600038874359325 -0.3376390086767016
0.7672343593113307 0.4868912848688658 0.8232584985871163
0.9873480793380047 -0.584330487809418 0.5558792650962059
0.6462935406335664 0.3455381027593776 -0.13406216612773636
0.5688469730687549 0.7044944706382934 0.9489772559672085
0.865398022672075 -0.050854950325095905 -0.7671439097816031
-0.6314359800696381 0.6096185213623078 -0.6277024408673793
-0.2820474770006314 -0.8994376912160036 0.16905731919134848
-0.043289430464440226 0.674025474992265 -0.30685282765634825
-0.6306972510784994 -0.9190810772007996 -0.18560878372473755
0.4322620314542087 0.91761222742276 0.21826002136471123
-0.3252006076793852 0.3061452368689279 0.3028306090570172
0.6831139173392815 0.32361515115532535 0.7123787007413576
-0.11935410069377728 0.22908149721496485 0.07928043838535381
0.4199123822971931 0.6034368346662713 -0.6085385789659399
0.8505311346678472 -0.5423564764870292 0.7857095449489069
0.558676498430906 0.7168851272001682 0.1907722031332033
-0.9648354128249046 0.07587054592496223 -0.7653997922818507
-0.6939274517179375 0.5711217592540754 -0.24274450735314113
-0.4783760863942679 -0.7743984305379714 0.2537290102395342
0.4204778022070359 0.9730690621553748 0.8238506313808431
-0.3545520681323857 0.3068803769817501 -0.435307742997028
-0.7823132116695646 -0.3178437813416706 -0.7487166934083489
0.6087738229301662 -0.002367783981748861 0.18034739881930673
0.8351718635177394 -0.3961138680767482 -0.0693855369377343
0.49051070681427955 0.23056860200188445 -0.2663339186189013
-0.9119388349531465 0.3792880441800597 -0.09991980917449572
0.7854047041241072 0.32125073259354964 -0.7574988153638367
-0.13829942418557595 -0.1740451077571561 -0.24121781598319303
-0.835504368633027 0.028396391142985644 -0.8018157375805679
0.38071746708739784 -0.5767825294185231 0.8570734227410013
-0.7846963142392092 -0.05759499213499675 0.4539250077535917
-0.9456829772665865 0.8258152380834005 0.04657224800626181
0.2630152808216393 0.05242668213938173 -0.3012932688697112
-0.21185699370649336 0.676229715664076 -0.2717677874603883
-0.2033783273906622 0.6817455298055677 -0.40343694619934634
0.7325071172561881 0.20956382530565776 -0.8536279406672433
-0.630401066540708 0.9399129442485545 -0.36417494148053065
0.7790030655541882 -0.4194683526440639 -0.8634625876591762
-0.43581475920481205 -0.07172337660034334 -0.4964254952541183
-0.58234514989699 -0.9700737837085966 0.3432626947478423
0.3797000750686088 0.23588967367458458 0.6053098768628482
-0.09614888936672261 -0.2966829508048445 0.6184069363944351
0.22801453461069054 0.4225902239980006 -0.22618511269670516
-0.9813089345468642 -0.20200668074757022 0.3047185688024652
-0.8500971735541352 -0.5134556088773674 0.9628473650416247
-0.19970879013404108 -0.23381369378902894 0.8613145866781025
-0.02096261454418813 -0.6427037377357185 0.19954301322774293
-0.6250055843873072 -0.979182111320843 -0.7988428575785806
-0.5130012440449874 -0.017021224877938224 -0.9751947541087373
0.4892402501432527 0.6793218992204766 0.4569033719726372
-0.03775734965390942 -0.06403736388278602 -0.18073718208468015
0.8915850824213025 -0.0424762707852997 -0.9070049357055472
-0.7483354313122941 0.3274733070066176 -0.23971543478685464
-0.08100210133834063 0.05258291871267451 0.353564832647586
-0.2564572813394861 -0.023018963981160212 -0.6164569504448822
-0.3357814939215209 0.10494558764195672 -0.9303711263049492
-0.4971798894516801 -0.8909658894295924 -0.2791971094036072
-0.4269596582944897 -0.052493300770313445 0.20955190995710504
-0.3160227519749679 0.23863349535979084 -0.6503088995731279
-0.0010073423236571788 0.9514608521929979 -0.8912177238311758
0.8345987721703982 -0.691665061119711 -0.89128026202166
-0.7618195799326777 -0.641820826815334 0.6735505697257926
0.7730263648308056 -0.7277524480781314 0.8021597692740168
0.3878117247241408 -0.9349718009604477 0.9891820177139874
0.027783610383092183 -0.5427103528318535 0.4085577167869596
-0.4554227721472406 -0.8638225040568883 0.3919841388051857
-0.6553026272020366 0.6508655453744343 0.9784269088657935
0.6131967433693015 -0.08392611382735682 0.4754884769160097
0.268137176180109 0.8091720696703808 -0.8404072106204685
-0.43059290923401305 0.5938744585807714 0.8229851353112878
0.9593571593592796 -0.9800631133590523 0.52736795677642
-0.6846391206968354 -0.5262467458688465 -0.015352335071858736
0.8163976380823252 0.9534249686165719 0.5688116786982524
0.3481570455869012 0.1844558175318991 -0.22384427724678368
-0.694436423609947 0.00503951987301221 0.01762804019879849
-0.11811801922292764 0.42634369643549275 0.5475853087455806
-0.9601107134706992 -0.9762605171153724 -0.024550408349432562
-0.8587575544029025 -0.3372867056764175 -0.70273657955117
-0.2642934738221647 -0.7475736051709372 0.22202701215795906
-0.8888218654001456 -0.3725196629643972 -0.9763664251606452
0.7597732145807821 -0.8477083238402181 -0.7486624752631792
-0.2925164845201025 -0.4355152490906775 0.970703146135655
-0.5882629895938427 0.8368832096242338 -0.6809952628554155
-0.8458147097375182 -0.8418731406473723 0.3541026839208967
0.9673330925727892 -0.7358908629893981 0.943373903557764
-0.12989044201638178 -0.49803195483138474 -0.6430057213956126
-0.280619439150662 0.6901619035106294 0.29441518101047337
0.9736289452512252 -0.5671893530879815 -0.9145958052736514
0.9501605785730469 0.27507945447132776 0.13672912449525443
-0.5263662264121782 0.38556596423304335 -0.6924878856625678
-0.17648686803974267 -0.730454660173401 -0.11210952866579449
-0.7043325701985985 -0.6660673746306003 -0.46609043893853097
-0.9329658103661809 -0.5981606226564529 0.9662253324363963
0.38304698358958866 0.6306391924715966 -0.798386408744086
-0.9236268838873825 -0.886242495755009 0.09613814908847895
-0.01429525345325322 0.42119460206790005 -0.9606706499826263
0.317724129438794 -0.0361300501562094 -0.5926801847276364
0.016861226623420933 0.01634644231967175 0.16844116308560197
0.24499165119643296 0.945064970240719 -0.4022364400485723
0.07615287046951202 -0.0277138620766626 -0.6249100719414267
0.7696496568556366 -0.8704515076036994 -0.9282270196328595
-0.3935082320450738 0.19329318939999296 -0.13151139746927187
0.6646556468712441 -0.9412282029182877 0.9710820702975922
-0.9607794371425407 0.9411620786501735 0.09412123634221214
0.5399518202228235 0.005614336366202233 0.6129158215797603
-0.2879937048225729 0.4131967913102257 -0.6977844837179186
-0.12175075984407946 -0.3842341952290529 -0.15884519155961807
-0.843728167237979 -0.9607166947600003 0.917279825786226
-0.17353818350373107 -0.5191311790035198 -0.2188545259045418
0.7904379349364099 0.6240992057689665 -0.9944393027182294
-0.30901128420290114 0.5724780281914001 -0.7076441427410396
0.42551286334383986 0.8442322916062106 0.645891423670746
-0.5353096746372841 -0.7070842275835925 -0.16366599430174467
-0.20857122565445407 -0.622154047013767 -0.04309630643591267
0.6927255279773463 0.3938765768162118 0.042758664723704376
-0.436095334045425 -0.8722063212308961 -0.5628943000548199
-0.7692663554831503 -0.3036359663327859 0.784854155534382
-0.9967504394564504 0.7824738524938841 0.9202861924944472
0.9884841836614451 -0.630233196775883 0.5200142632975786
-0.8169344956598579 -0.8783797663379267 0.42546230518559813
-0.0879246618983276 -0.46745708308944756 -0.27942919644205877
-0.6136626243558512 -0.7714706722985327 -0.3076229811401303
0.14021436832308987 -0.8831084461567302 -0.37581570283706056
0.4138061064056986 -0.6992377799748979 -0.6260848912483692
-0.381280387274759 -0.3009964635968543 -0.3256596896906445
-0.06761148659260074 0.782382168092254 0.19536565789087357
-0.3756953221775077 0.24117715113682392 0.16850629913505788
-0.39402430694130985 0.02236391681337313 -0.4450829573795392
-0.6452532682476773 0.4241332647195577 -0.938145030751977
0.8227778437811104 -0.42300803524638764 -0.3029409326115844
-0.2654963192899502 -0.46665516790504524 0.49595068953996346
-0.9482421882048258 0.3183517011014527 -0.21187401856750698
-0.958267744166375 0.23983371075376114 -0.5388198056449032
0.5815453654437808 -0.6638239838346895 -0.8363301756004078
-0.8533198543094402 0.43976468396222446 -0.4385554574102877
-0.06495874635390941 0.46757109344891656 -0.7733377676422069
0.5736450853590445 0.24210232614699256 -0.6281421103160743
0.676696127452902 -0.8710351860870691 0.8348964376478591
-0.12400596211570858 -0.3025049254837979 0.3960485473207904
0.14628491353768935 -0.6879193055249269 -0.44176991323372583
-0.8574245088596049 -0.5249214224140066 0.3589112253044833
0.5548580994949079 -0.8446256595885 0.6738026208324011
-0.8164231011070224 0.6119216816487159 0.7207895788652181
0.1652456360027954 0.877519469032221 0.30446958935887336
0.6999816070033105 0.9846466781820229 0.9141918120781207
-0.6687138929456984 0.3436778498805131 -0.1328386131867283
0.3643648630587222 0.5819011837827373 -0.9002926384030587
-0.5587273926568854 -0.3558734626028899 -0.2431518257204328
0.366357796593054 0.7375776369381433 -0.7584913019052126
0.17348046272260143 -0.2719443416740772 -0.3275462558720339
0.1353655574507402 -0.2717577566998941 0.1064174312271775
-0.3343773678966673 0.8745414571031089 0.7946817507577117
0.3619840734746165 -0.40741575305623656 -0.08475316506540076
0.9325485857172453 -0.5483818031788379 -0.2687721491174797
0.3821052835688261 0.3290454623955219 -0.0928712339290585
0.07187375619089686 -0.443314924203809 0.44869269101416265
-0.6492195200820061 0.12229835926973331 0.4671968978403944
-0.4091129503219131 0.5960809842242178 0.7031756499082742
-0.21531593471080646 -0.7571964504548883 -0.751156927928085
-0.14007520540144358 -0.39990503493633733 -0.08929562716122241
0.5409037891009854 0.15059638213449378 0.6153645547867264
-0.22666611635088496 -0.8376351527790267 0.37903116669407355
0.6532574662001758 0.7061475845628946 -0.7876741477047924
0.6716651891330363 0.9994533119697935 0.9050583947272695
0.05096067512970892 -0.8809800703561961 -0.4758568381806263
-0.35184361292885136 -0.4049803057774042 -0.9996666416216964
-0.08997408876007129 -0.7267795841334215 0.7450556187691797
-0.5817740032767855 -0.4598526525270792 -0.6235621060456049
0.2016107120307773 0.9297859216042224 0.30198403600702606
0.07352290086552427 -0.4936881037152323 0.2127464873260454
0.3967502146953352 0.40788522568657104 0.9866025622706451
-0.9396019077165094 0.11910977847494841 -0.6069206472768949
0.12811767379786487 0.2706366019154731 0.5933235356780076
-0.2848532451831107 0.3369488337005244 -0.11111034210268111
-0.2906910956979514 0.7557330890306135 0.5470271929174919
-0.8143284429250917 -0.049874742848615705 -0.02978068342302498
0.6372105238843475 -0.02461064447108985 0.7008106810110462
0.12417951820848439 -0.9362608451361991 0.02992727001572093
0.37751253595110046 0.388874117353889 -0.497593725748277
-0.5637906429405553 -0.10075774099686097 -0.5700494316488212
0.6387483337894326 -0.019524326078318888 0.891085325999178
0.2586817514820814 -0.45015461324080364 0.1608626133622848
0.5604344865160331 0.4314436438206204 0.5418625422167136
-0.2324661514431099 0.3192823782878851 0.855274978515776
0.309990357662447 -0.48632098423839376 0.6827578569513337
-0.7343037732744679 -0.7731046884289301 0.7541416630295497
-0.893402497780716 -0.6555563936899236 0.6503572972703269
0.3120735129364862 0.6924286397004435 0.4464628907126924
-0.6881606652016126 0.752886154446583 0.7862494516689695
0.34950364556003244 0.7872535936690155 -0.4926743716932753
0.6523817550394135 -0.6090793858980619 0.42780045024141544
-0.24650578589805416 -0.2878916957718882 0.0663503030203747
0.4920342220281009 0.21748116301057507 -0.8142437888369269
0.07525974224604837 0.6984623883743528 -0.4676858854361319
-0.16580963274110272 0.7842580146744753 -0.2763655300933705
-0.5284742658682806 0.9038261772919651 -0.8653149279442958
0.4259204707350064 0.8762357915436358 -0.936708500863684
0.6397649288036031 -0.5203020808179475 -0.04017310796526408
-0.6565621119299621 -0.07864608201308476 -0.07414331242808303
0.36783727598048577 0.8388397580485922 -0.0673304552901377
0.1935149885224301 0.3969335417758302 0.0045729102367368935
-0.2758683925336347 -0.3404773645604129 0.7923880652964372
-0.6792864575635249 -0.49415206539641066 0.8949375024746125
-0.15793611122435647 -0.68274989668006 -0.9168263611508845
-0.21214550534023813 -0.9762511637290285 -0.7416469932030552
0.4514301225951003 -0.9539125230439438 -0.10869878523882304
0.8617974678768436 0.48906989931947265 0.5055870660622663
0.031416225535100706 -0.38296962879373675 0.054081163837127466
-0.553301303586845 -0.4141829514895621 0.44064419678310185
-0.9268595263847461 -0.3451487698134741 -0.5492399902436564
-0.15066655753882374 0.8405694481644084 -0.56737208954734
0.06891476659762175 0.43658169341958475 0.9625773958140886
0.943642058669198 0.04230370180375598 0.16505222784496154
0.019622647666372783 -0.8470976032078532 0.4411935517811003
-0.5942270186966783 0.7566605466719794 -0.6818363726574432
-0.5644963827668277 0.7470985495693361 -0.8897198978076593
0.3082453419807667 0.5957925847686631 0.6384979257494814
0.4945736917030701 -0.3564553654858187 0.7710709550683013
-0.6406112375737996 -0.5069967315441084 0.45849729553520335
0.2137168232381561 0.5065039086914525 -0.031002060958948974
-0.45347690677605934 0.8107488670277199 -0.12002583981165738
-0.45983102576898993 -0.8487562203583456 -0.7852042109885189
0.7597273678284142 -0.7697254493470742 0.6218585211035277
-0.4923681209360924 0.9655032664404177 -0.6500196162618901
-0.3777904998781947 0.8303970347114356 -0.42104569413569237
-0.34234615145378333 -0.6849502039537474 -0.6066457727016836
-0.4250800644312338 -0.735772275789135 -0.23131397115086205
0.34863639995667906 -0.9813849449319971 -0.015645249763936553
0.8564851924859336 -0.5539815905897494 0.17862807976441175
0.2632203972159557 -0.20639689699498787 0.9420186556640764
-0.7280181637837111 -0.7693268347538431 0.06105117223187473
0.4260113204964926 -0.0276804515272131 -0.026517297903539516
0.6404788381429138 0.5426849907536444 0.9109695130874482
-0.17425913800649995 0.7408845919250662 -0.3000459961525215
0.70217800111898 -0.633025379756027 -0.5356655414620561
0.8958269372217829 -0.7572628980695115 -0.70511198428533
0.8610446346788048 -0.27434038610069367 -0.04318080117383971
-0.26519033439699036 0.3653771727488664 0.9361316605982453
-0.039534688663907636 0.6080398907672595 0.2189996889182444
-0.15279689144328734 0.7720844037030039 0.5318880143904223
0.22726809047775798 0.1297295369523901 0.21576052111781818
-0.4864282261277795 0.97646237237297 -0.7864060843960281
-0.44546012677940383 0.6188711906894833 0.6219396281816989
-0.6514698714000273 -0.6809612424364757 -0.09342028807715508
0.8427803480630349 -0.2436632400926182 -0.9892239267918732
0.6910491151350993 -0.2727989979586969 -0.9162575441233352
0.07606147258762364 -0.5860948353418698 -0.07780816681941483
0.2293632874587901 -0.5810256549442443 -0.48651121482133286
-0.6387185817237473 -0.5489632678920486 -0.8840501314037505
-0.7181296205835244 0.9918119535003846 -0.860744913426033
-0.8867745024940361 -0.6135855417967508 -0.9044720483690913
0.303672061559467 0.7652980697019058 -0.2442169655464972
-0.02997505001124634 -0.06453228871911221 -0.023480520242657787
0.09927946621328565 0.4034447324455255 -0.05290999078221392
-0.06287417712774634 -0.2796578920971544 -0.49954099327366563
0.790916166712782 0.5749765254921886 -0.5009059792483586
0.385165662999577 0.25531408382700027 -0.923168789490195
-0.7066495784319435 -0.19233912716809476 0.4589366426203896
0.7293471364186603 -0.29916003419424 0.14108830424351537
0.48068136896245806 -0.3394681381618192 -0.8271760469859628
0.35577290395314076 -0.8702791351743333 0.7555315909378919
0.798722733604952 -0.17058905660993062 -0.04738797726281874
0.24138336764501123 -0.923905224340289 0.15989274279045995
-0.19550086236140785 -0.4524944789549139 -0.340657221010384
-0.4826278519936795 0.9460465234101569 -0.22553535200550567
0.19153085658607538 -0.18551082032945487 -0.8690295677012432
-0.4675414406076259 0.48085319512169544 -0.8385923129718187
-0.7718928754149128 0.8820913043256797 -0.837185515060884
0.31228815119800757 -0.6941101169922039 0.6767258053006098
-0.49980944910487635 0.774864460137322 0.995765067437177
0.26845596612546885 -0.6121192882709159 0.9418634845073564
0.33106808570782564 0.08742840920668926 0.39493151009091965
0.9534371741588668 -0.26037308198874465 -0.2559250748939019
0.9227076400472067 0.7170334281082844 0.5576169407615548
0.8485105673204365 -0.7240753965240365 0.7124050541777505
0.6009561957521354 -0.22853717398703366 0.408653441868273
0.04264171444137976 -0.698635426676186 0.5033915340826731
0.3515555429251962 -0.9483827394802982 0.8142882166954057
0.9214588280342775 -0.041334650846234666 -0.926810403948287
-0.35689952285529536 0.09655492401903154 0.29728462176929704
-0.5044532702134676 0.7555896107850595 0.8069427591565306
-0.8996772216284861 -0.3202994128129395 0.9421779687098115
0.22351217203955764 0.31007817845903185 -0.38925421537314975
-0.40121333233874834 0.7620541336548443 -0.3457439301470566
-0.9430241051176629 0.9742709994167582 0.7845164825925428
0.27300137953683357 0.9496115185289669 -0.16936166263901975
0.24748898129002206 -0.6389079648297529 -0.35832695789989666
-0.9852437550483963 0.7588792525588433 0.6340346155054282
0.8454497012132114 0.36446394810682037 -0.042415113947286365
0.7812262863407844 0.46817209636486323 -0.9368398429655311
0.6631695588495468 -0.2081815849590254 0.08139715290834237
0.23155582539541575 -0.4060082858859768 0.003139587166202773
0.26667674363548244 0.8861999925422155 -0.7552286235856689
-0.7534416573377054 0.6122168980218385 0.26834080969736585
0.24967289937224346 -0.16376620126197583 0.6266009720461101
-0.866961746428659 0.7472939495859772 -0.8289868055776326
-0.17454190231301903 0.6188843495033531 0.12113671327936593
-0.3550968993567303 -0.4730123475074215 0.8378604699865055
0.07759113976702237 0.43031479314084464 -0.29692469154278545
0.14428854803640379 0.45122013798126703 0.3953799454047864
0.14266029811245406 0.8785435971772544 0.5446432206889662
0.14684349062553226 0.6986027531363808 0.2666977151495351
-0.6285457054532226 -0.6836159293748001 -0.8259420322504487
-0.06356044330617427 0.3730014399883008 -0.5247976966767463
-0.3558585624827342 0.3783129598600816 -0.555458851397999
0.7802211085784754 0.8413799230548125 0.6333795606420365
0.08369326907797525 -0.9990431384030927 -0.8751014476224868
-0.027129588244836356 -0.03682734913258923 -0.6673838953082611
0.9077438800546767 0.5664838603112938 -0.8986500567369466
0.42709173288216906 -0.12337021903432688 -0.2189001940356614
-0.33379741901870896 0.36675873816763116 0.7592609232552858
0.4425226963943756 0.9335117255084273 0.6011651856454987
-0.7534533508189991 0.32680904810077416 0.8063690921295839
0.44794826611025984 -0.5711930547324526 0.06216079589040491
0.5031438379072701 -0.31405191683024514 0.7666472811188512
-0.9028678977163045 0.5730818730322702 0.6657838795397899
0.7143837270479556 -0.0870570608504142 -0.11198738984565892
0.39105172871355554 0.45490171552651004 0.6395812006359898
-0.19199398856265937 0.3075206792294767 0.5038700542276817
0.6095159008665736 -0.13490490138659927 -0.012057870633106038
0.36363310642800095 -0.02900831675989135 0.41975160535668965
-0.6943776712983687 -0.4992677740290512 -0.4392155916928355
0.8192100333228012 0.8888044260449501 -0.7370689403312407
0.9683651638634834 -0.3632176821853099 -0.938337629575779
-0.4507198402121324 0.8282193731440217 0.19953148989735503
0.6018334387586144 0.3730114513181373 -0.9225373499062857
0.6280446318731694 0.9045128819814781 -0.08707635423387416
0.09790837996958723 0.6253266729434004 -0.15535122483373764
-0.6205853722185359 -0.5777926127928716 0.0989492067712534
-0.24606393520171177 -0.5580716385651683 -0.18446897445337984
0.9229006831977153 -0.4440452124181209 0.9823686949435781
0.6474315204229684 -0.7659597330800301 -0.9696911692818826
0.7628415378558886 0.5688802559171908 -0.6947817749649439
-0.20921594983635594 0.1635516843201541 -0.9609194664994432
-0.9917484898929516 -0.6692285485918148 -0.14029814753095438
0.14385269408218182 -0.4351305453745069 -0.9083764328592225
0.5049956866566678 0.7615486380408734 -0.4113607593574511
0.3004573679974085 0.023325343848297653 -0.49619724691968115
0.5490554425886984 0.6261003579720479 -0.25647849659452393
0.1750936976338029 -0.06244309229153466 -0.2926616881644575
0.3189591678429087 -0.10158478923936709 0.15210170471527062
-0.3130620436484346 0.7255649433163489 0.36601821613325436
0.55089893544274 0.029670208727298863 0.2624259809119016
-0.7870340973147243 -0.11352160180110271 -0.4902507997439036
0.037537524911336995 0.8956749195787235 0.2670047370143638
-0.8493340270622594 0.12746733627614315 0.43822320865035946
-0.40156572051381656 0.23797975681778305 0.27537369201131856
0.3478803937189452 -0.7143561776798337 0.047540129435063916
-0.49574850400016546 -0.8510302969757335 0.535953762201518
0.8777635594784876 -0.15484522373911824 0.07676499304322326
-0.6560630562012426 0.13478557084205045 0.4580626045053515
-0.6758205320384867 0.3817190650829887 0.7898019625893935
0.713623088489812 -0.2395999190611977 -0.4766663377731015
-0.9723886572595488 -0.27234996783321685 -0.4402235928322713
0.9037953368913525 -0.9588358165921769 -0.36974573127523236
-0.7871887758269598 0.09098002595282395 -0.4713293470072968
0.6394072064732568 0.6506363850163577 -0.010778385914666622
0.5042767350792436 0.6289355663207075 -0.593435483772172
0.6232570267412303 -0.3301794734200405 0.20834045026509673
0.029159790226587656 0.6226738819419582 -0.7374354615597389
0.9960031899027384 -0.860725218732658 -0.11034404908829298
0.4550522140098532 -0.8995897311885841 -0.4199235818158811
0.7485271916477929 -0.9138877680828426 0.17419341388665543
-0.8968708540131933 -0.8214947652383149 0.60568930465064
-0.8506263626370234 -0.04771679393780137 0.41768310217281157
0.821703338407539 -0.1593392660720938 0.3196129476823739
-0.7509129828033374 0.21993045672838285 0.21925647367655565
-0.34985981164150926 0.10658417448608137 0.5228463176499454
0.9676334722120776 -0.6730964903316903 -0.9228586295009011
-0.4310333433819342 0.9380094877616565 -0.6012382935851581
0.5674068902073919 -0.0028500588416116024 0.6005722819586023
-0.23813878526030785 0.6224249544481166 0.4601685974860892
-0.3696389506272528 0.43636903293298834 0.6990624956663258
0.18877416516515977 -0.5335906739881653 -0.8455632781854949
0.8852078663908802 -0.12726792815272936 0.5547486852714298
0.6776168258949951 0.23132592509447036 0.5245737399694772
0.3472768070672041 -0.4781299646061039 0.13774139911256889
-0.7073126629909894 -0.8010675009372761 -0.9712604392676072
0.5958791503341458 -0.6766749957530294 0.487624176088596
0.10831301199219179 -0.26440565758711054 0.6451647273077572
-0.45423264132764896 -0.3807678233717029 -0.037978456564751184
-0.37123956547701265 -0.8001355591602726 0.7796962488715364
0.8987843262794131 -0.7510499252152367 0.9632164015711693
-0.2656762242518398 0.009514194688848399 0.2734047611772119
-0.5002204283441802 -0.9370098208305322 -0.041142106527446876
0.08525825900304551 -0.5320915480881905 -0.507579234941522
0.028002866315671282 -0.519036990754802 0.34536457995692693
0.6820101638199532 0.45933783840047915 0.3166658627724319
-0.0763084175029618 -0.9713390570240663 -0.34204391821213487
0.47622209021973694 0.1314008879323254 0.16721411320521518
0.606572343286401 -0.5470442718656168 -0.7263136853512524
0.1297748888596324 0.6090704936374054 -0.8578523492613181
0.5019358823666884 0.28758187890867637 -0.20246111626682728
-0.7904693348829492 0.24882312058908318 0.9793852583246814
-0.11313616882158883 0.8644004859453336 -0.5463032132610695
-0.030758098172513515 0.7367773456492694 0.2627188258816473
-0.9024105622630136 -0.697109005165047 -0.1226328360485669
0.4477684491201577 -0.635166691682892 0.10135992955452489
-0.5536245368199477 -0.9060694133778713 -0.1243710760579837
-0.24187392729960333 -0.022838916541203957 0.45716186860202046
0.5084916820376144 -0.4018634064450459 -0.7073667971246749
-0.4664699355551938 0.721926405235576 0.5625581524780889
-0.3213404738675645 -0.2907800158527829 0.7458034073469322
-0.46314345694619874 0.9142242198705914 0.29906203612835847
-0.6953992661640114 0.5027063489789443 -0.4307688815684334
0.059168898041142226 0.15145149330167484 -0.0621155434420837
-0.0860248803305581 -0.03291419314371735 0.6680762693144915
-0.2768847384897051 0.3794550787017654 -0.16333308311242223
-0.19923191001600782 -0.7507828973401196 -0.13456857424166557
-0.8745132342259436 -0.27604861837278216 0.6645528760447452
0.7027266242947166 -0.42679044062125504 0.6232207257634863
-0.4034254178817134 -0.7466248967600395 -0.25668992184459727
0.9148373808865502 -0.90978374979316 0.9192270220159204
-0.14617327656583257 0.5098409656749006 0.3056164609474945
0.5493234800161688 -0.48767185151522874 0.720227291913047
0.24356120724501396 0.9377947840630505 -0.27980524247151783
-0.3431617086550778 -0.21151290465409933 -0.7765156719992605
-0.736826848282689 0.5737261582561954 0.5093446010559584
-0.8814650111022917 -0.9664591659880861 0.11757082594983381
-0.25592283570931484 -0.781530671642281 -0.6047996752671208
0.5364731704572558 0.9228794850046402 0.32679954621153384
-0.8380968244154927 0.7566280132192296 0.18241204156798396
-0.3369613528547828 -0.8543357012593702 -0.13426730544100196
-0.2737087672335321 -0.7220525689663659 0.003471443480889125
-0.4226128457812057 -0.417670439893739 -0.8106874309035601
-0.650200553839209 -0.3137422702508932 -0.3436594824102539
-0.46002241237381036 -0.5826512767588674 -0.538347894669198
-0.10302536802966733 -0.8520624353364139 0.7686543442529601
0.10504938115665796 0.7650765357886322 0.5131740247189309
-0.18873400844999244 0.9625984416049294 0.8263158253476854
0.986896259995715 0.0585968969766959 -0.30993771209543053
-0.9897846692774488 -0.4885271139596916 0.4689533268254851
0.6948050496393303 -0.6179626995992473 0.7573142770655297
0.15819906793409833 0.49357500410734945 -0.47195493364836394
-0.5874809865055677 -0.20592470068447022 0.14369565211125335
0.7446972899783686 0.3414784046060202 -0.17849215785720296
-0.9665436688374309 0.29121485349368403 0.17747496153115483
-0.9311746475253251 -0.5735171171891389 0.6168258823530053
0.08444616080467138 -0.7157545175119775 -0.2515211355892535
-0.46455446504272313 -0.5549767539698609 0.7537405799094838
0.28691592415805833 -0.24969507674372737 -0.6683870438138921
0.25313541245779514 0.9130131242384925 0.22075261072854135
-0.6690416458691986 0.11435193008426636 0.44620315647994513
0.8755515692513711 0.761567387430657 0.316720457529001
-0.3589027144154502 -0.45543533287790794 -0.9428741369694824
0.5096448987911866 0.36536903772092577 -0.5618949153737323
0.058379432902029516 -0.8173302433464804 0.6723667364584842
0.04627045991446899 0.8915404026246625 -0.8918481756034045
0.6155804090448769 -0.9607663013075842 0.08228109854998045
-0.009318778868480537 -0.6391369131924802 0.2943469805894916
-0.2924073567588903 0.6081834647455193 0.4695925408948425
0.7782152992287652 0.7229847943814354 0.741670287304649
-0.4623916260799683 -0.6901658082236368 0.4376265225699911
-0.8946381931403191 -0.5669808353957997 0.00831664831205936
0.001373024496638564 0.3000529109846586 -0.39947565017887343
-0.2580011048574429 0.36566441853807374 0.6358203431412102
0.2971153928986854 -0.7005206710975553 -0.8753546956839438
-0.5647641502797132 -0.6931395139997509 -0.7300649776262234
-0.9324458112837788 0.9775671130117642 0.007585247613894008
-0.7619358632171547 0.4092609834803693 0.6383991853643987
-0.44659412340531746 0.12555945698648108 0.19470808632279257
-0.09829886807554766 -0.4144693077288881 -0.053854278541180856
0.21771274099695814 -0.48043056403020357 -0.9167937007250739
0.8084174254530105 0.9823856186610165 -0.8319133432909869
0.5605270970731646 0.615666811322152 -0.017515896727828828
0.22457822622027024 0.3054606910156894 -0.1184991834409923
0.5052590364269445 -0.6386902547747089 -0.927758729233122
0.6348589181558764 0.07664068200928376 0.6310904953504253
0.9043275367655701 0.6494595374187104 -0.8371111701176182
0.5252116447920401 -0.929600026641392 0.44318466892050146
0.3756009067165762 -0.4694927493432268 0.6096195404205349
-0.33437580949124346 -0.18695106370034353 -0.6525841923617823
0.16990941929788073 -0.14024470049377968 0.5371395466702491
0.7269794060360835 0.5470031141337617 -0.17348565947835026
-0.7410047258762933 0.4002198673248891 -0.11572277363273642
0.7983767355470974 -0.05821475695715006 -0.30379866588819393
-0.2794960196497833 -0.15017812183348744 0.3403798996692806
-0.703076221624173 -0.6071377434838605 -0.8658760064743056
0.3210549575928219 -0.0525058012364521 -0.8746193422999438
-0.04339982496574457 0.1334120191562127 0.8030650226151239
-0.5155313127852559 0.7282371504436356 -0.5661241170688254
0.4946585994492383 0.0961029065298673 -0.9181972287840523
0.24466790752536238 0.24678160888009026 -0.48583935848394044
-0.5619506198763493 0.5959358529605665 0.1105088682473454
0.14850439854486686 0.15107225219081077 -0.94738721949496
0.5134204469805541 0.1361295917653389 0.22013645060351483
-0.49126985226668896 -0.8886394403167961 -0.448201249807636
-0.9401646159560488 -0.12733176399573898 0.0053543835880467405
-0.4180841824475856 0.09407178890195644 -0.5132465307584482
-0.1238991391033204 0.9240993234617028 0.7545003004350108
0.6072300651128344 0.36886812182957573 -0.7181573134103707
0.3880711945127331 0.9990561102919493 0.1677561939439638
-0.19369163562011438 0.8233893152693788 0.9354136453576412
0.7961926964275996 -0.6505731352965554 0.41110021466285573
0.10367220992053605 -0.36341123754319793 0.6408826340339664
-0.7518569860692044 -0.20433888225353347 0.29969256110696607
-0.3741462152437285 0.8252657510135062 0.6576618678773332
0.9665065226354266 -0.7178853361065447 0.15324175382443483
-0.08989069544617201 -0.5430960852573767 -0.014728522298942837
0.10256559821473199 0.3724875577548583 0.9596986105316079
0.7469320181076353 -0.4027602751071073 -0.4246864275777784
0.5889631734801815 0.8234856417286913 -0.9972326628246533
0.662000061305072 0.8746140858002402 -0.09112212392321783
-0.9252394160008535 -0.8169071027749943 0.9285886754073358
-0.4823522314378963 -0.4102549296211584 -0.5444397949181057
-0.542266591202694 0.8199199943978654 -0.06320644947498977
-0.28996078328043495 -0.762950715414694 0.560837716928799
-0.1369601648048071 0.6713520692144612 0.7003975815208416
0.7084715495182559 -0.20212676501539484 -0.1597493007236528
0.1967047179885153 0.8406613328029107 0.6956382141829089
0.7023008680524931 0.07576555461945778 0.040013151102671785
0.32073083089780186 -0.1631473335485678 -0.3936354632337571
-0.7838491039976305 0.46076360496714464 0.5683484207726366
-0.9015230479842533 -0.9987339806251021 0.09879690376079209
-0.670999195711053 -0.5552032803141722 0.5625173937183792
-0.7506323229024703 -0.8384886428063552 0.22136237360784605
-0.44486709980638106 -0.5923764945141641 0.009349114725669683
0.17684967447245392 -0.9337170711044727 -0.22826928768725074
-0.7805546882693866 -0.7828110735512319 0.6339411539180195
0.8986532043929392 0.8892124092578877 -0.7272100839826385
-0.568865638813294 -0.9993383315399851 -0.26375115475594946
0.6811490068899166 -0.054087860495863005 -0.26234118766322667
-0.5431138840032086 -0.5374931432149155 0.5326006228310547
0.3283713452632535 -0.6408090167618614 -0.7947830460319356
0.6559288363944666 0.5460793796170424 0.6556053450275254
-0.5831433265607937 0.6902120728412151 -0.717190233781563
-0.4824628130984594 0.1741992270325663 -0.007748862519758815
0.8735886351389845 -0.5942983557100661 -0.8290126280024315
0.5703389826622287 0.4161598806522435 -0.06572511887660348
0.12839194094352413 -0.5765519317202379 -0.4246926191782858
0.965063730298994 0.9758371222808566 -0.33238078592636056
0.7461025062803088 0.591496186357332 -0.15827206762545476
0.17579337698767206 -0.8551733277549625 0.6548258632928061
-0.7626688880938928 0.9539578110849516 -0.0399188210129946
-0.06413764258653898 -0.8719689591874744 -0.6024933962358405
-0.1240166546688628 -0.34953339618409607 -0.038409218973439074
0.5857295457667784 -0.21795284660979575 0.1647534405619293
-0.8788989294644212 0.8331747576347215 -0.38823319444909
-0.3521047486051285 0.6251143590679002 -0.9078110715190815
0.6110702142409581 -0.8978785071070416 0.5691207654892414
-0.35658687223761887 -0.6177961027557368 -0.1993452209368216
0.2724482705432658 0.4641150482324399 0.1730436800977473
-0.6047335245436578 -0.7771433709590274 -0.4774899379706452
-0.2022762085805465 0.3522189233016646 0.8858925818711805
0.10071523557554407 -0.06672271864363322 0.6448021100857599
-0.9188200044163788 -0.0925413302948892 -0.2692609708350959
-0.6001516742578539 -0.5813953962921508 -0.23637532146887374
-0.09386251533903733 0.23998138817502768 -0.2085177934831719
-0.8860790976001498 0.761136929982448 -0.8990892341800767
0.05775895363902617 -0.500037800295964 -0.6940176876782977
-0.709012798431822 -0.469858839762769 0.08421783275081163
0.40564288032231244 -0.4083943183972514 0.8251148032856261
0.6601582865590594 0.3873934912619772 -0.5059731269273706
0.11109297324479894 -0.7139338449919979 0.4193739177547018
-0.9863911782713795 0.3390230271753216 0.1695899973501882
0.34917730314219364 0.37097659044154097 0.5340322498963903
0.6857452722570738 0.962723715591103 -0.691513280454437
0.4469609700965178 -0.30219808959761596 -0.7575947850592999
-0.8483952292554346 0.20884807081309864 -0.6539179602582761
-0.5616215530134461 0.6282180052863529 0.6999657656757914
-0.13989921357725477 -0.5591211825171931 -0.7492969482621905
-0.16155316919565887 0.4748012753223807 0.7796866952544328
-0.44184236344596073 -0.9381767664531273 -0.9252023334398816
-0.5740107476172787 0.20471900877796467 -0.46171095390692285
-0.03679773071064352 -0.4870737143034076 0.9028005612317926
-0.20660769131180312 -0.022824268521157043 0.9839813537816735
-0.09332907358658882 -0.9166545380564162 0.25897715507305996
0.6993608508316931 -0.6750558667520827 0.8841900755351335
-0.21684843218644723 0.26802505646126584 -0.6076092430100102
0.9979757334487445 0.4982456956902137 0.008623996220649133
0.8148483904115247 0.14166410486692693 0.09771284019631787
0.952387879197649 0.3381995920687886 -0.5211682122011558
0.015885612073922584 0.87874594508571 0.011323155730052159
-0.015003026112852202 0.4519252860510836 -0.2781002438026081
0.30020442508582 -0.43462206969078854 0.40227222156317777
0.37862409477893544 -0.02540689245883221 -0.11746614120983945
-0.05446883722284457 -0.3526581588629609 0.6532143264510724
0.8039880623146531 -0.8191728214117875 0.28962792270213833
0.6385630269504137 0.0743272019098169 -0.29475613746150886
0.8858374022933173 0.5052284969090111 -0.8631747209702609
0.6895159940585611 -0.6977243208479673 -0.18079484470469742
-0.6530195070175389 -0.728196831696567 0.14198806209043258
0.3883794487684815 -0.4626161695622144 -0.6051917426097224
-0.22705357426952055 0.1125604524614352 0.668412575729616
0.4733698468370158 -0.023302459916226814 -0.8859843676983086
-0.9980085092688988 0.439875625563966 -0.8300812233725354
-0.6783144493099877 -0.9946968027006131 0.13571131308404927
-0.6903046948913187 -0.38103505397225956 0.13339590919270083
-0.12005521515724493 -0.6066697167044608 0.4607241171724483
-0.8387236988736759 -0.9940776624396994 -0.13474325056216663
-0.23680305213016517 -0.8432742347165483 -0.9464557925173738
0.6292489452309622 -0.04759625188104555 -0.5626242175284577
0.17977859576528887 -0.6911984392469299 -0.08353344720176659
0.033923551550685715 0.9295982129764899 0.051089488150657614
0.9220864489376113 -0.47978273112632164 0.13015933232547128
0.9112489892308178 0.8393030614447621 -0.10555888757727327
0.5771661301805924 -0.16057269096012994 -0.6926805676906838
-0.29418057606151105 -0.002874134544620155 -0.3641363213097448
-0.6577922022197684 -0.14019132909484555 -0.09100619019588452
-0.39358712139217444 -0.07430328636312411 0.6578041208023406
0.022160190901763688 -0.8401796530704366 -0.22368719119409475
0.03448501720779151 0.3388254809282434 0.11903174322938548
-0.05247616694309687 0.8857829890273758 -0.8082370122358724
-0.4566663158587858 -0.9321951712679113 0.9834407635422897
0.24327707744118587 -0.2776042682380231 -0.8157187784664737
0.7960670790373587 0.39527431975252436 0.14287743919261486
-0.3980978047653472 0.5254458971038987 -0.04927888148657611
-0.1965810796382188 0.9877191703701071 0.8751440777753359
0.04430312195142028 0.9082801713380995 0.37155450936477297
-0.8442854341414583 0.29589581462410863 0.8926985526363826
-0.06066240189022021 0.8473842067111848 0.4461038974491054
-0.14934128744952924 -0.15328195858606386 0.006636431678166854
-0.9749380838363615 0.9877252731509223 0.030234249481307485
-0.4184817750135619 -0.1320350190650068 0.8343683784876841
-0.7288787748186307 0.3469717142565367 0.2195317281062541
0.9562563000123672 0.4874503455854029 0.1290233092580113
0.749691454624587 0.16621837758944547 0.9376806743498873
-0.5687194182978057 -0.07006176437099754 0.8862763710605439
-0.4126066450794048 0.2069861661638579 -0.5053871955996425
0.5503753493831609 0.7686470129346743 0.5305091238058832
0.03312811983953856 0.9652762358669509 -0.8396514839709825
-0.857288713603741 0.018760061517399285 -0.489959954148784
-0.730935935480097 -0.7633007428801177 0.9494086132728219
0.3033917050511019 0.45461060629148786 -0.044016434953693784
0.2536830940999195 -0.34380437500022754 -0.883776148394072
0.09750643694332473 -0.1564966635179681 0.021985135218467677
-0.1441130789425542 -0.2002677635123742 0.0760464880198668
0.18464576468098337 -0.27492920013883415 0.08677937713868333
0.49779476456171445 -0.3704378151787453 -0.673013995293581
0.7155057482518661 -0.179697980077006 -0.40777133050808434
0.4631670240808041 0.17711333479886404 0.12400934213953985
-0.3129821703503468 0.9236945573675339 0.046180382422930766
-0.9976398035915657 -0.6626972598075858 0.043725194564764314
-0.49402343091233125 0.033132738178234034 -0.9648152996313972
0.4048371242284492 0.7629169104706197 -0.012264791748405557
-0.657664601285717 0.7265975026008735 -0.6752684869794892
0.17310423822303167 -0.8528768442120274 0.7516851723525204
-0.48981854709511685 -0.34993673280469073 0.23125887941926493
0.17040898444552943 -0.9870984030269809 -0.8850049886618772
-0.8249525243716194 -0.1472595379139403 -0.20907836906766497
-0.8768717122356331 0.9126523359258807 0.4908275772893691
